<?xml version="2.0" ?>
<Type>saved</Type>
<Name></Name>
<Description></Description>
<Shader>post</Shader>
<Terrain>
    <Heightmap>Data/Custom/timbles/therium-2/Textures/Terrain/desert_some/hm.png</Heightmap>
    <DetailMap></DetailMap>
    <ColorMap>Data/Custom/timbles/therium-2/Textures/Terrain/desert_some/color.tga</ColorMap>
    <WeightMap>Data/Textures/Terrain/red_desert/red_desert_w.png</WeightMap>
    <DetailMaps>
        <DetailMap colorpath="Data/Textures/Terrain/DetailTextures/pebbles.tga" normalpath="Data/Textures/Terrain/DetailTextures/pebbles_normal.tga" materialpath="Data/Materials/rocks.xml" />
        <DetailMap colorpath="Data/Textures/Terrain/DetailTextures/pebbly_sand.tga" normalpath="Data/Textures/Terrain/DetailTextures/pebbly_sand_normal.tga" materialpath="Data/Materials/gravel.xml" />
        <DetailMap colorpath="Data/Textures/Terrain/DetailTextures/sandwaves.tga" normalpath="Data/Textures/Terrain/DetailTextures/sandwaves_normal.tga" materialpath="Data/Materials/sand.xml" />
        <DetailMap colorpath="Data/Textures/Terrain/DetailTextures/rubble.tga" normalpath="Data/Textures/Terrain/DetailTextures/rubble_normal.tga" materialpath="Data/Materials/rock.xml" />
    </DetailMaps>
    <DetailObjects />
</Terrain>
<OutOfDate NavMesh="true" />
<AmbientSounds />
<Script></Script>
<LevelScriptParameters>
    <parameter name="Achievements" type="string" val="flawless, no_injuries, no_kills" />
    <parameter name="Extra AO" type="string" val="0.4" />
    <parameter name="HDR Black point" type="string" val="0.005" />
    <parameter name="HDR Bloom multiplier" type="string" val="0.615" />
    <parameter name="HDR White point" type="string" val="0.673" />
    <parameter name="Level Boundaries" type="string" val="1" />
    <parameter name="Objectives" type="string" val="destroy_all" />
    <parameter name="Sky Rotation" type="string" val="0" />
</LevelScriptParameters>
<Sky>
    <DomeTexture>Data/Textures/skies/cirrus2_volcano_slope.tga</DomeTexture>
    <SunAngularRad>0.21298</SunAngularRad>
    <SunColorAngle>74.7995</SunColorAngle>
    <RayToSun r0="0.86873" r1="0.458298" r2="0.187805" />
    <ExtraAO>0.4</ExtraAO>
</Sky>
<ActorObjects>
    <CameraObject t0="-53.8484" t1="95.1496" t2="-191.832" s0="1" s1="1" s2="1" q0="0.0315284" q1="-0.913217" q2="0.0720131" r0="-0.678301" r1="9.68575e-008" r2="0.734785" r3="0" r4="-0.115169" r5="0.98764" r6="-0.106316" r7="0" r8="-0.725703" r9="-0.156738" r10="-0.669917" r11="0" r12="0" r13="0" r14="0" r15="1" id="8">
        <parameters />
    </CameraObject>
    <Group t0="105.116" t1="119.451" t2="-224.65" s0="7.52305" s1="8.99505" s2="8.67361" q0="-8.9407e-008" q1="0.878154" q2="-5.96046e-008" r0="-0.542307" r1="-2.14053e-007" r2="-0.84018" r3="0" r4="-9.99989e-008" r5="1" r6="-1.90225e-007" r7="0" r8="0.84018" r9="-1.91433e-008" r10="-0.542307" r11="0" r12="0" r13="0" r14="0" r15="1" id="2" version="1">
        <parameters />
        <EnvObject t0="102.834" t1="119.935" t2="-223.028" s0="1.01956" s1="1.01956" s2="1.01956" q0="-1.92342e-007" q1="-0.478379" q2="8.49724e-008" r0="0.542307" r1="3.33263e-007" r2="0.84018" r3="0" r4="3.47873e-008" r5="1" r6="-4.1911e-007" r7="0" r8="-0.84018" r9="2.56514e-007" r10="0.542307" r11="0" r12="0" r13="0" r14="0" r15="1" id="3" color_r="1" color_g="1" color_b="1" type_file="Data/Objects/Buildings/stairs1.xml">
            <parameters />
        </EnvObject>
        <EnvObject t0="102.043" t1="119.077" t2="-222.496" s0="1.01956" s1="1.01956" s2="1.01956" q0="-2.06901e-007" q1="-0.478379" q2="1.44916e-007" r0="0.542307" r1="4.52472e-007" r2="0.84018" r3="0" r4="-5.65628e-008" r5="1" r6="-5.02032e-007" r7="0" r8="-0.84018" r9="2.24733e-007" r10="0.542307" r11="0" r12="0" r13="0" r14="0" r15="1" id="4" color_r="1" color_g="1" color_b="1" type_file="Data/Objects/Buildings/stairs1.xml">
            <parameters />
        </EnvObject>
        <EnvObject t0="105.643" t1="117.711" t2="-224.99" s0="1.01956" s1="0.362525" s2="1.01956" q0="5.96046e-008" q1="0.878153" q2="-1.19209e-007" r0="-0.542307" r1="-9.37037e-009" r2="-0.84018" r3="0" r4="2.18738e-007" r5="1" r6="-1.52341e-007" r7="0" r8="0.84018" r9="-2.66395e-007" r10="-0.542307" r11="0" r12="0" r13="0" r14="0" r15="1" id="5" color_r="1" color_g="1" color_b="1" type_file="Data/Objects/Buildings/cat_town/babylon_tower.xml">
            <parameters />
        </EnvObject>
        <EnvObject t0="102.574" t1="118.899" t2="-222.902" s0="0.33888" s1="0.379195" s2="0.286584" q0="0.208878" q1="0.79002" q2="-0.383434" r0="-0.542307" r1="-1.19209e-007" r2="-0.84018" r3="0" r4="0.66007" r5="0.618697" r6="-0.426053" r7="0" r8="0.519817" r9="-0.785629" r10="-0.335524" r11="0" r12="0" r13="0" r14="0" r15="1" id="6" color_r="1" color_g="1" color_b="1" type_file="Data/Objects/Crete/CreteBlockStandard.xml">
            <parameters />
        </EnvObject>
        <EnvObject t0="105.688" t1="122.082" t2="-224.894" s0="1.01956" s1="1.01956" s2="1.01956" q0="5.96046e-008" q1="0.878153" q2="-1.19209e-007" r0="-0.542307" r1="-9.37037e-009" r2="-0.84018" r3="0" r4="2.18738e-007" r5="1" r6="-1.52341e-007" r7="0" r8="0.84018" r9="-2.66395e-007" r10="-0.542307" r11="0" r12="0" r13="0" r14="0" r15="1" id="7" color_r="1" color_g="1" color_b="1" type_file="Data/Custom/twowolves/landmark_lantern/jims_lantern.xml">
            <parameters />
        </EnvObject>
        <Group t0="104.138" t1="121.767" t2="-227.674" s0="1.16181" s1="3.14406" s2="0.62564" q0="5.96046e-008" q1="0.878153" q2="-1.19209e-007" r0="-0.542307" r1="-9.37037e-009" r2="-0.84018" r3="0" r4="2.18738e-007" r5="1" r6="-1.52341e-007" r7="0" r8="0.84018" r9="-2.66395e-007" r10="-0.542307" r11="0" r12="0" r13="0" r14="0" r15="1" id="9" version="1">
            <parameters />
            <EnvObject t0="104.135" t1="120.979" t2="-227.647" s0="0.0910002" s1="0.265055" s2="0.142339" q0="-0.227283" q1="0.848231" q2="-0.123814" r0="-0.469653" r1="-0.5" r2="-0.727617" r3="0" r4="-0.271154" r5="0.866025" r6="-0.42009" r7="0" r8="0.84018" r9="-5.96046e-008" r10="-0.542308" r11="0" r12="0" r13="0" r14="0" r15="1" id="10" color_r="1" color_g="1" color_b="1" type_file="Data/Objects/Crete/CreteBlockStandard.xml">
                <parameters />
            </EnvObject>
            <EnvObject t0="103.985" t1="121.763" t2="-227.893" s0="0.0909993" s1="0.0922002" s2="0.13659" q0="0.170344" q1="0.861474" q2="0.092795" r0="-0.501495" r1="0.380589" r2="-0.776952" r3="0" r4="0.206397" r5="0.924744" r6="0.319763" r7="0" r8="0.84018" r9="-1.07288e-006" r10="-0.542307" r11="0" r12="0" r13="0" r14="0" r15="1" id="11" color_r="1" color_g="1" color_b="1" type_file="Data/Objects/Crete/CreteBlockStandard.xml">
                <parameters />
            </EnvObject>
            <EnvObject t0="103.977" t1="122.136" t2="-227.924" s0="0.0909994" s1="0.0922002" s2="0.153863" q0="0.859449" q1="0.180278" q2="0.468189" r0="0.496597" r1="0.40184" r2="0.769361" r3="0" r4="0.21792" r5="-0.915709" r6="0.337618" r7="0" r8="0.84018" r9="-9.38773e-007" r10="-0.542307" r11="0" r12="0" r13="0" r14="0" r15="1" id="12" color_r="1" color_g="1" color_b="1" type_file="Data/Objects/Crete/CreteBlockStandard.xml">
                <parameters />
            </EnvObject>
            <EnvObject t0="104.096" t1="122.735" t2="-227.722" s0="0.0827634" s1="0.206877" s2="0.145578" q0="-0.834444" q1="0.273599" q2="-0.454568" r0="0.437023" r1="-0.592108" r2="0.677066" r3="0" r4="-0.321105" r5="-0.805858" r6="-0.497477" r7="0" r8="0.84018" r9="-6.55651e-007" r10="-0.542308" r11="0" r12="0" r13="0" r14="0" r15="1" id="13" color_r="1" color_g="1" color_b="1" type_file="Data/Objects/Crete/CreteBlockStandard.xml">
                <parameters />
            </EnvObject>
        </Group>
        <Group t0="107.699" t1="121.613" t2="-226.421" s0="0.625648" s1="3.14407" s2="1.16132" q0="5.96046e-008" q1="0.878153" q2="-1.19209e-007" r0="-0.542307" r1="-9.37037e-009" r2="-0.84018" r3="0" r4="2.18738e-007" r5="1" r6="-1.52341e-007" r7="0" r8="0.84018" r9="-2.66395e-007" r10="-0.542307" r11="0" r12="0" r13="0" r14="0" r15="1" id="14" version="1">
            <parameters />
            <EnvObject t0="107.672" t1="120.825" t2="-226.425" s0="0.0910002" s1="0.265055" s2="0.142339" q0="-0.0731638" q1="0.273051" q2="-0.248263" r0="0.727617" r1="-0.5" r2="-0.469652" r3="0" r4="0.42009" r5="0.866025" r6="-0.271154" r7="0" r8="0.542308" r9="-2.23517e-007" r10="0.84018" r11="0" r12="0" r13="0" r14="0" r15="1" id="15" color_r="1" color_g="1" color_b="1" type_file="Data/Objects/Crete/CreteBlockStandard.xml">
                <parameters />
            </EnvObject>
            <EnvObject t0="107.92" t1="121.609" t2="-226.575" s0="0.0909994" s1="0.0922002" s2="0.13659" q0="0.0548351" q1="0.277316" q2="0.186066" r0="0.776951" r1="0.380588" r2="-0.501498" r3="0" r4="-0.319761" r5="0.924745" r6="0.206397" r7="0" r8="0.54231" r9="-5.51343e-007" r10="0.840178" r11="0" r12="0" r13="0" r14="0" r15="1" id="16" color_r="1" color_g="1" color_b="1" type_file="Data/Objects/Crete/CreteBlockStandard.xml">
                <parameters />
            </EnvObject>
            <EnvObject t0="107.95" t1="121.982" t2="-226.583" s0="0.0909994" s1="0.0922002" s2="0.153863" q0="0.276663" q1="0.0580327" q2="0.938782" r0="-0.76936" r1="0.40184" r2="0.496597" r3="0" r4="-0.337618" r5="-0.915709" r6="0.217921" r7="0" r8="0.542308" r9="-5.43892e-007" r10="0.84018" r11="0" r12="0" r13="0" r14="0" r15="1" id="17" color_r="1" color_g="1" color_b="1" type_file="Data/Objects/Crete/CreteBlockStandard.xml">
                <parameters />
            </EnvObject>
            <EnvObject t0="107.746" t1="122.582" t2="-226.463" s0="0.0827634" s1="0.206877" s2="0.145578" q0="-0.268613" q1="0.0880736" q2="-0.911469" r0="-0.677066" r1="-0.592108" r2="0.437023" r3="0" r4="0.497477" r5="-0.805858" r6="-0.321105" r7="0" r8="0.542308" r9="-2.98023e-007" r10="0.84018" r11="0" r12="0" r13="0" r14="0" r15="1" id="18" color_r="1" color_g="1" color_b="1" type_file="Data/Objects/Crete/CreteBlockStandard.xml">
                <parameters />
            </EnvObject>
        </Group>
        <Group t0="107.136" t1="121.766" t2="-222.531" s0="1.16171" s1="3.14417" s2="0.62564" q0="5.96046e-008" q1="0.878153" q2="-1.19209e-007" r0="-0.542307" r1="-9.37037e-009" r2="-0.84018" r3="0" r4="2.18738e-007" r5="1" r6="-1.52341e-007" r7="0" r8="0.84018" r9="-2.66395e-007" r10="-0.542307" r11="0" r12="0" r13="0" r14="0" r15="1" id="19" version="1">
            <parameters />
            <EnvObject t0="107.139" t1="120.978" t2="-222.558" s0="0.0910002" s1="0.265055" s2="0.142339" q0="0.123813" q1="-0.462079" q2="-0.227283" r0="0.469652" r1="-0.499999" r2="0.727618" r3="0" r4="0.271154" r5="0.866026" r6="0.420089" r7="0" r8="-0.84018" r9="8.19564e-007" r10="0.542307" r11="0" r12="0" r13="0" r14="0" r15="1" id="20" color_r="1" color_g="1" color_b="1" type_file="Data/Objects/Crete/CreteBlockStandard.xml">
                <parameters />
            </EnvObject>
            <EnvObject t0="107.289" t1="121.762" t2="-222.312" s0="0.0909994" s1="0.0922002" s2="0.13659" q0="-0.0927952" q1="-0.469292" q2="0.170343" r0="0.501496" r1="0.380589" r2="0.776952" r3="0" r4="-0.206397" r5="0.924744" r6="-0.319763" r7="0" r8="-0.84018" r9="-4.76837e-007" r10="0.542307" r11="0" r12="0" r13="0" r14="0" r15="1" id="21" color_r="1" color_g="1" color_b="1" type_file="Data/Objects/Crete/CreteBlockStandard.xml">
                <parameters />
            </EnvObject>
            <EnvObject t0="107.297" t1="122.135" t2="-222.281" s0="0.0909994" s1="0.0922002" s2="0.153863" q0="-0.468189" q1="-0.0982077" q2="0.859449" r0="-0.496596" r1="0.40184" r2="-0.769361" r3="0" r4="-0.217921" r5="-0.915709" r6="-0.337618" r7="0" r8="-0.84018" r9="-1.04308e-007" r10="0.542308" r11="0" r12="0" r13="0" r14="0" r15="1" id="22" color_r="1" color_g="1" color_b="1" type_file="Data/Objects/Crete/CreteBlockStandard.xml">
                <parameters />
            </EnvObject>
            <EnvObject t0="107.177" t1="122.735" t2="-222.485" s0="0.0827634" s1="0.206877" s2="0.145578" q0="0.454568" q1="-0.149045" q2="-0.834444" r0="-0.437023" r1="-0.592108" r2="-0.677066" r3="0" r4="0.321104" r5="-0.805858" r6="0.497477" r7="0" r8="-0.84018" r9="4.17233e-007" r10="0.542308" r11="0" r12="0" r13="0" r14="0" r15="1" id="23" color_r="1" color_g="1" color_b="1" type_file="Data/Objects/Crete/CreteBlockStandard.xml">
                <parameters />
            </EnvObject>
        </Group>
    </Group>
    <ActorObject t0="103.77" t1="121.438" t2="-223.843" s0="1" s1="1" s2="1" q0="-5.96046e-008" q1="-0.5" q2="0" r0="0.5" r1="5.96046e-008" r2="0.866025" r3="0" r4="5.96046e-008" r5="1" r6="-1.03238e-007" r7="0" r8="-0.866025" r9="1.03238e-007" r10="0.5" r11="0" r12="0" r13="0" r14="0" r15="1" id="1" type_file="Data/Custom/timbles/therium-2/Objects/IGF_Characters/ghost.xml" is_player="1" is_dead="0">
        <parameters>
            <parameter name="Aggression" type="float" val="0.5" />
            <parameter name="Attack Damage" type="float" val="1" />
            <parameter name="Attack Knockback" type="float" val="1" />
            <parameter name="Attack Speed" type="float" val="1" />
            <parameter name="Block Follow-up" type="float" val="0.5" />
            <parameter name="Block Skill" type="float" val="0.5" />
            <parameter name="Character Scale" type="float" val="1" />
            <parameter name="Damage Resistance" type="float" val="1" />
            <parameter name="Ear Size" type="float" val="1" />
            <parameter name="Fat" type="float" val="0.5" />
            <parameter name="Ground Aggression" type="float" val="0.5" />
            <parameter name="Left handed" type="int" val="0" />
            <parameter name="Lives" type="int" val="1" />
            <parameter name="Movement Speed" type="float" val="1" />
            <parameter name="Muscle" type="float" val="0.5" />
            <parameter name="Static" type="int" val="0" />
            <parameter name="Teams" type="string" val="player, Ghost" />
        </parameters>
        <Connections>
            <Connection id="-1" />
        </Connections>
        <ItemConnections />
        <Palette />
    </ActorObject>
    <EnvObject t0="77.0343" t1="127.351" t2="-80.4383" s0="4.00528" s1="4.00528" s2="4.00528" q0="0.0127645" q1="-0.987487" q2="-0.0238648" r0="-0.951401" r1="-0.0326246" r2="0.30621" r3="0" r4="-0.0177947" r5="0.998535" r6="0.0510985" r7="0" r8="-0.307429" r9="0.0431664" r10="-0.950588" r11="0" r12="0" r13="0" r14="0" r15="1" id="24" color_r="1" color_g="1" color_b="1" type_file="Data/Objects/Environment/Statues/RobedStatue.xml">
        <parameters />
    </EnvObject>
    <EnvObject t0="90.3197" t1="133.225" t2="-83.286" s0="4.96771" s1="4.96771" s2="4.96771" q0="0.0155043" q1="0.991725" q2="-0.0647554" r0="-0.975423" r1="0.016538" r2="-0.219696" r3="0" r4="0.0449661" r5="0.991133" r6="-0.125036" r7="0" r8="0.21568" r9="-0.131842" r10="-0.967517" r11="0" r12="0" r13="0" r14="0" r15="1" id="25" color_r="1" color_g="1" color_b="1" type_file="Data/Objects/Environment/Statues/RobedStatue.xml">
        <parameters />
    </EnvObject>
    <Group t0="108.603" t1="123.646" t2="-83.2638" s0="28.6953" s1="27.6449" s2="13.0688" q0="-0.0554206" q1="-0.988642" q2="0.133154" r0="-0.990287" r1="0.120834" r2="0.0687844" r3="0" r4="0.0983303" r5="0.958397" r6="-0.267968" r7="0" r8="-0.0983024" r9="-0.258601" r10="-0.96097" r11="0" r12="0" r13="0" r14="0" r15="1" id="26" version="1">
        <parameters />
        <EnvObject t0="110.789" t1="124.028" t2="-82.5107" s0="0.771942" s1="0.269238" s2="0.907423" q0="-0.278499" q1="-0.950223" q2="0.139271" r0="-0.84464" r1="0.53231" r2="-0.0568445" r3="0" r4="0.526234" r5="0.806084" r6="-0.270752" r7="0" r8="-0.0983024" r9="-0.258601" r10="-0.96097" r11="0" r12="0" r13="0" r14="0" r15="1" id="27" color_r="0.2" color_g="0.2" color_b="0.2" type_file="Data/Objects/Crete/sharp_coastal_crete.xml">
            <parameters />
        </EnvObject>
        <EnvObject t0="105.693" t1="125.914" t2="-82.0077" s0="0.771942" s1="0.269238" s2="0.907422" q0="0.167411" q1="0.954263" q2="-0.15743" r0="-0.870806" r1="0.259295" r2="-0.41769" r3="0" r4="0.37972" r5="0.894379" r6="-0.23643" r7="0" r8="0.312268" r9="-0.36449" r10="-0.87729" r11="0" r12="0" r13="0" r14="0" r15="1" id="28" color_r="0.2" color_g="0.2" color_b="0.2" type_file="Data/Objects/Crete/sharp_coastal_crete.xml">
            <parameters />
        </EnvObject>
        <EnvObject t0="100.768" t1="125.708" t2="-84.347" s0="0.771942" s1="0.269238" s2="0.907422" q0="-0.0580694" q1="0.924245" q2="-0.120392" r0="-0.737446" r1="-0.193454" r2="-0.647109" r3="0" r4="-0.0212274" r5="0.964268" r6="-0.264078" r7="0" r8="0.675073" r9="-0.181007" r10="-0.715202" r11="0" r12="0" r13="0" r14="0" r15="1" id="29" color_r="0.2" color_g="0.2" color_b="0.2" type_file="Data/Objects/Crete/sharp_coastal_crete.xml">
            <parameters />
        </EnvObject>
        <EnvObject t0="113.277" t1="119.471" t2="-83.0805" s0="-0.744751" s1="0.223507" s2="0.907423" q0="0.381231" q1="0.891478" q2="-0.240896" r0="-0.705526" r1="0.658717" r2="-0.26139" r3="0" r4="0.700718" r5="0.593265" r6="-0.396272" r7="0" r8="-0.105958" r9="-0.46274" r10="-0.880139" r11="0" r12="0" r13="0" r14="0" r15="1" id="30" color_r="0.2" color_g="0.2" color_b="0.2" type_file="Data/Objects/Crete/sharp_coastal_crete.xml">
            <parameters />
        </EnvObject>
    </Group>
    <Group t0="61.6244" t1="113.506" t2="-78.6324" s0="39.3332" s1="37.8934" s2="17.9137" q0="0.229483" q1="-0.91957" q2="0.0358168" r0="-0.693784" r1="-0.399349" r2="0.599323" r3="0" r4="-0.444755" r5="0.892109" r6="0.0795896" r7="0" r8="-0.566446" r9="-0.211334" r10="-0.796543" r11="0" r12="0" r13="0" r14="0" r15="1" id="31" version="1">
        <parameters />
        <EnvObject t0="64.1632" t1="115.402" t2="-79.1556" s0="1.05812" s1="0.36905" s2="1.24382" q0="0.0146472" q1="-0.947659" q2="0.106858" r0="-0.818952" r1="0.0364645" r2="0.572707" r3="0" r4="-0.0919867" r5="0.976734" r6="-0.193727" r7="0" r8="-0.566446" r9="-0.211334" r10="-0.796544" r11="0" r12="0" r13="0" r14="0" r15="1" id="32" color_r="0.2" color_g="0.2" color_b="0.2" type_file="Data/Objects/Crete/sharp_coastal_crete.xml">
            <parameters />
        </EnvObject>
        <EnvObject t0="58.7655" t1="114.064" t2="-74.1534" s0="1.05812" s1="0.36905" s2="1.24382" q0="0.0996744" q1="-0.989147" q2="0.0409595" r0="-0.960181" r1="-0.189003" r2="0.205759" r3="0" r4="-0.205368" r5="0.976775" r6="-0.0611188" r7="0" r8="-0.189428" r9="-0.100941" r10="-0.976695" r11="0" r12="0" r13="0" r14="0" r15="1" id="33" color_r="0.2" color_g="0.2" color_b="0.2" type_file="Data/Objects/Crete/sharp_coastal_crete.xml">
            <parameters />
        </EnvObject>
        <EnvObject t0="52.1747" t1="110.623" t2="-73.3464" s0="1.05812" s1="0.36905" s2="1.24382" q0="-0.268381" q1="0.955077" q2="0.0981742" r0="-0.843619" r1="-0.497235" r2="-0.202661" r3="0" r4="-0.528065" r5="0.836666" r6="0.145387" r7="0" r8="0.0972688" r9="0.229669" r10="-0.968399" r11="0" r12="0" r13="0" r14="0" r15="1" id="34" color_r="0.2" color_g="0.2" color_b="0.2" type_file="Data/Objects/Crete/sharp_coastal_crete.xml">
            <parameters />
        </EnvObject>
        <EnvObject t0="68.3375" t1="111.789" t2="-83.7151" s0="-1.02084" s1="0.306365" s2="1.24382" q0="-0.0682673" q1="-0.946643" q2="0.225133" r0="-0.893633" r1="0.228435" r2="0.38632" r3="0" r4="0.0300637" r5="0.88931" r6="-0.456316" r7="0" r8="-0.447797" r9="-0.396164" r10="-0.801585" r11="0" r12="0" r13="0" r14="0" r15="1" id="35" color_r="0.2" color_g="0.2" color_b="0.2" type_file="Data/Objects/Crete/sharp_coastal_crete.xml">
            <parameters />
        </EnvObject>
    </Group>
    <Group t0="44.551" t1="99.7396" t2="-81.5956" s0="38.1538" s1="45.3299" s2="17.9137" q0="0.36735" q1="-0.874618" q2="0.243526" r0="-0.648522" r1="-0.544208" r2="0.532226" r3="0" r4="-0.740955" r5="0.611498" r6="-0.277591" r7="0" r8="-0.174388" r9="-0.574378" r10="-0.799804" r11="0" r12="0" r13="0" r14="0" r15="1" id="36" version="1">
        <parameters />
        <EnvObject t0="46.1194" t1="102.432" t2="-82.0932" s0="1.02639" s1="0.441475" s2="1.24382" q0="0.159121" q1="-0.935192" q2="0.283034" r0="-0.909385" r1="-0.217578" r2="0.354535" r3="0" r4="-0.377656" r5="0.789145" r6="-0.484384" r7="0" r8="-0.174389" r9="-0.574379" r10="-0.799808" r11="0" r12="0" r13="0" r14="0" r15="1" id="37" color_r="0.2" color_g="0.2" color_b="0.2" type_file="Data/Objects/Crete/sharp_coastal_crete.xml">
            <parameters />
        </EnvObject>
        <EnvObject t0="40.2312" t1="100.134" t2="-78.3539" s0="1.02639" s1="0.441475" s2="1.24382" q0="-0.282877" q1="0.938623" q2="-0.194638" r0="-0.837795" r1="-0.543869" r2="0.0481979" r3="0" r4="-0.518189" r5="0.764194" r6="-0.384045" r7="0" r8="0.172036" r9="-0.346723" r10="-0.922065" r11="0" r12="0" r13="0" r14="0" r15="1" id="38" color_r="0.2" color_g="0.2" color_b="0.2" type_file="Data/Objects/Crete/sharp_coastal_crete.xml">
            <parameters />
        </EnvObject>
        <EnvObject t0="35.5861" t1="94.4927" t2="-78.063" s0="1.02639" s1="0.441475" s2="1.24382" q0="-0.478532" q1="0.864052" q2="-0.0424176" r0="-0.496771" r1="-0.839714" r2="-0.219346" r3="0" r4="-0.814192" r5="0.538415" r6="-0.217264" r7="0" r8="0.300539" r9="0.07066" r10="-0.951158" r11="0" r12="0" r13="0" r14="0" r15="1" id="39" color_r="0.2" color_g="0.2" color_b="0.2" type_file="Data/Objects/Crete/sharp_coastal_crete.xml">
            <parameters />
        </EnvObject>
        <EnvObject t0="53.2227" t1="99.4934" t2="-84.071" s0="-0.990236" s1="0.366489" s2="1.24382" q0="0.0731645" q1="-0.926122" q2="0.368869" r0="-0.987532" r1="-0.113569" r2="0.109085" r3="0" r4="-0.157468" r5="0.717165" r6="-0.678882" r7="0" r8="-0.00113264" r9="-0.687589" r10="-0.72611" r11="0" r12="0" r13="0" r14="0" r15="1" id="40" color_r="0.2" color_g="0.2" color_b="0.2" type_file="Data/Objects/Crete/sharp_coastal_crete.xml">
            <parameters />
        </EnvObject>
    </Group>
    <EnvObject t0="-4.82431" t1="101.142" t2="-282.5" s0="1.71023" s1="1.71023" s2="1.71023" q0="-0.141481" q1="0.875261" q2="-0.0789502" r0="-0.544631" r1="-0.319621" r2="-0.775375" r3="0" r4="-0.17571" r5="0.9475" r6="-0.26715" r7="0" r8="0.820055" r9="-0.0092583" r10="-0.572198" r11="0" r12="0" r13="0" r14="0" r15="1" id="41" color_r="1" color_g="1" color_b="1" type_file="Data/Objects/Environment/Land/jagged_outcrop.xml">
        <parameters />
    </EnvObject>
    <EnvObject t0="-233.491" t1="91.7953" t2="-64.7413" s0="1.71023" s1="1.30446" s2="1.77312" q0="-0.0598536" q1="0.97525" q2="-0.139736" r0="-0.941276" r1="-0.161611" r2="-0.29641" r3="0" r4="-0.0718773" r5="0.953783" r6="-0.291773" r7="0" r8="0.329864" r9="-0.253337" r10="-0.909388" r11="0" r12="0" r13="0" r14="0" r15="1" id="42" color_r="1" color_g="1" color_b="1" type_file="Data/Objects/Environment/Land/jagged_outcrop.xml">
        <parameters />
    </EnvObject>
    <EnvObject t0="53.3804" t1="118.094" t2="-230.896" s0="2.87632" s1="5.70018" s2="2.87632" q0="0.0114638" q1="-0.468191" q2="-0.0443185" r0="0.557667" r1="-0.0889514" r2="0.825285" r3="0" r4="0.0674824" r5="0.995809" r6="0.0617313" r7="0" r8="-0.827318" r9="0.0212667" r10="0.561332" r11="0" r12="0" r13="0" r14="0" r15="1" id="43" color_r="1" color_g="1" color_b="1" type_file="Data/Objects/Environment/Rocks/strata_rocks/strata_rock_capital.xml">
        <parameters />
    </EnvObject>
    <EnvObject t0="46.9774" t1="114.933" t2="-204.974" s0="5.00279" s1="5.00279" s2="5.00279" q0="-0.654586" q1="-0.738756" q2="0.108303" r0="-0.11498" r1="0.992813" r2="0.0332008" r3="0" r4="0.941506" r5="0.119574" r6="-0.31507" r7="0" r8="-0.316776" r9="-0.00496805" r10="-0.948488" r11="0" r12="0" r13="0" r14="0" r15="1" id="44" color_r="1" color_g="1" color_b="1" type_file="Data/Objects/Environment/Rocks/plain_rock_small.xml">
        <parameters />
    </EnvObject>
    <EnvObject t0="109.362" t1="121.292" t2="-185.481" s0="8.52834" s1="5.00277" s2="5.00279" q0="-0.675445" q1="0.621378" q2="-0.236555" r0="0.115862" r1="-0.990292" r2="-0.0767679" r3="0" r4="-0.688534" r5="-0.0243671" r6="-0.724791" r7="0" r8="0.715886" r9="0.136832" r10="-0.684673" r11="0" r12="0" r13="0" r14="0" r15="1" id="45" color_r="1" color_g="1" color_b="1" type_file="Data/Objects/Environment/Rocks/plain_rock_small.xml">
        <parameters />
    </EnvObject>
    <EnvObject t0="100.771" t1="116.809" t2="-175.822" s0="2.77111" s1="3.75129" s2="2.77111" q0="0.061497" q1="-0.412053" q2="-0.013521" r0="0.660058" r1="-0.0752608" r2="0.747435" r3="0" r4="-0.0260994" r5="0.992071" r6="0.122942" r7="0" r8="-0.750761" r9="-0.100657" r10="0.65286" r11="0" r12="0" r13="0" r14="0" r15="1" id="46" color_r="1" color_g="1" color_b="1" type_file="Data/Objects/Environment/Rocks/plain_rock_large.xml">
        <parameters />
    </EnvObject>
    <EnvObject t0="76.4526" t1="120.805" t2="-231.874" s0="1.43186" s1="1.39781" s2="1.40204" q0="-0.345628" q1="0.429577" q2="0.226829" r0="0.528024" r1="0.0672693" r2="-0.846563" r3="0" r4="-0.661165" r5="0.65818" r6="-0.360088" r7="0" r8="0.532969" r9="0.749851" r10="0.39201" r11="0" r12="0" r13="0" r14="0" r15="1" id="47" color_r="1" color_g="1" color_b="1" type_file="Data/Objects/Environment/Rocks/coast_rock_large.xml">
        <parameters />
    </EnvObject>
    <EnvObject t0="90.2257" t1="110.686" t2="-161.038" s0="2.79992" s1="2.79992" s2="2.79992" q0="0.0494545" q1="-0.837223" q2="-0.0339236" r0="-0.404185" r1="-0.119688" r2="0.906811" r3="0" r4="-0.0459296" r5="0.992807" r6="0.110567" r7="0" r8="-0.913521" r9="0.00304003" r10="-0.406775" r11="0" r12="0" r13="0" r14="0" r15="1" id="48" color_r="1" color_g="1" color_b="1" type_file="Data/Objects/Environment/Rocks/strata_rocks/strata_rock_pillar.xml">
        <parameters />
    </EnvObject>
    <EnvObject t0="95.2098" t1="108.064" t2="-101.242" s0="4.01551" s1="4.01551" s2="4.01551" q0="-0.0362317" q1="0.820249" q2="0.0103472" r0="-0.345832" r1="-0.0476264" r2="-0.937088" r3="0" r4="-0.0712497" r5="0.99716" r6="-0.0243849" r7="0" r8="0.935588" r9="0.0583341" r10="-0.348244" r11="0" r12="0" r13="0" r14="0" r15="1" id="49" color_r="1" color_g="1" color_b="1" type_file="Data/Objects/Environment/Rocks/strata_rocks/strata_rock_pillar.xml">
        <parameters />
    </EnvObject>
    <EnvObject t0="43.5919" t1="111.376" t2="-201.419" s0="8.52834" s1="5.00277" s2="5.00279" q0="-0.236858" q1="0.26983" q2="-0.657081" r0="-0.00912827" r1="-0.998877" r2="-0.046428" r3="0" r4="0.743231" r5="0.0242848" r6="-0.66859" r7="0" r8="0.668968" r9="-0.0406117" r10="0.74218" r11="0" r12="0" r13="0" r14="0" r15="1" id="51" color_r="1" color_g="1" color_b="1" type_file="Data/Objects/Environment/Rocks/plain_rock_small.xml">
        <parameters />
    </EnvObject>
    <EnvObject t0="-10.9111" t1="86.9535" t2="-258.928" s0="18.2766" s1="10.7212" s2="10.7212" q0="0.118074" q1="-0.705195" q2="-0.257537" r0="-0.12725" r1="-0.5013" r2="0.85586" r3="0" r4="0.168238" r5="0.839467" r6="0.516711" r7="0" r8="-0.977493" r9="0.209743" r10="-0.0224833" r11="0" r12="0" r13="0" r14="0" r15="1" id="52" color_r="0.568627" color_g="0.439216" color_b="0.372549" type_file="Data/Objects/Environment/Rocks/plain_rock_small.xml">
        <parameters />
    </EnvObject>
    <EnvObject t0="66.3616" t1="99.2147" t2="-97.6221" s0="1.91023" s1="2.34171" s2="1.91024" q0="0.0185712" q1="-0.300306" q2="-0.0111398" r0="0.819384" r1="-0.0323997" r2="0.572328" r3="0" r4="0.0100916" r5="0.999062" r6="0.0421095" r7="0" r8="-0.573155" r9="-0.0287281" r10="0.818943" r11="0" r12="0" r13="0" r14="0" r15="1" id="53" color_r="1" color_g="1" color_b="1" type_file="Data/Objects/Environment/Rocks/strata_rocks/strata_rock_capital.xml">
        <parameters />
    </EnvObject>
    <EnvObject t0="70.5746" t1="119.628" t2="-214.847" s0="1" s1="1" s2="1" q0="0.00374473" q1="0.0562263" q2="-0.0165448" r0="0.99313" r1="-0.0326114" r2="-0.112383" r3="0" r4="0.0334536" r5="0.999424" r6="0.00561602" r7="0" r8="0.112135" r9="-0.00933704" r10="0.993649" r11="0" r12="0" r13="0" r14="0" r15="1" id="54" color_r="1" color_g="1" color_b="1" type_file="Data/Custom/twowolves/landmark_lantern/jims_lantern.xml">
        <parameters />
    </EnvObject>
    <EnvObject t0="63.8421" t1="118.591" t2="-211.997" s0="1" s1="1" s2="1" q0="-0.00756633" q1="-0.0695913" q2="0.00198406" r0="0.990306" r1="0.00501148" r2="0.138811" r3="0" r4="-0.00290528" r5="0.999878" r6="-0.0153717" r7="0" r8="-0.138871" r9="0.0148194" r10="0.9902" r11="0" r12="0" r13="0" r14="0" r15="1" id="55" color_r="1" color_g="1" color_b="1" type_file="Data/Custom/twowolves/landmark_lantern/jims_lantern.xml">
        <parameters />
    </EnvObject>
    <EnvObject t0="53.0796" t1="116.816" t2="-192.388" s0="1" s1="1" s2="1" q0="0.00461782" q1="0.472588" q2="0.0320194" r0="0.551271" r1="0.0607631" r2="-0.832112" r3="0" r4="-0.0520338" r5="0.997907" r6="0.0383977" r7="0" r8="0.832703" r9="0.0221303" r10="0.553279" r11="0" r12="0" r13="0" r14="0" r15="1" id="56" color_r="1" color_g="1" color_b="1" type_file="Data/Custom/twowolves/landmark_lantern/jims_lantern.xml">
        <parameters />
    </EnvObject>
    <EnvObject t0="39.7355" t1="110.813" t2="-168.118" s0="1" s1="1" s2="1" q0="0.00297696" q1="0.338761" q2="0.0346081" r0="0.768087" r1="0.0670961" r2="-0.636821" r3="0" r4="-0.0630622" r5="0.997587" r6="0.0290458" r7="0" r8="0.637233" r9="0.0178497" r10="0.770464" r11="0" r12="0" r13="0" r14="0" r15="1" id="57" color_r="1" color_g="1" color_b="1" type_file="Data/Custom/twowolves/landmark_lantern/jims_lantern.xml">
        <parameters />
    </EnvObject>
    <EnvObject t0="40.5821" t1="112.047" t2="-174.494" s0="1" s1="1" s2="1" q0="0.00939794" q1="0.638824" q2="0.168212" r0="0.127218" r1="0.264554" r2="-0.955944" r3="0" r4="-0.240539" r5="0.943233" r6="0.229025" r7="0" r8="0.962268" r9="0.200805" r10="0.183631" r11="0" r12="0" r13="0" r14="0" r15="1" id="58" color_r="1" color_g="1" color_b="1" type_file="Data/Custom/twowolves/landmark_lantern/jims_lantern.xml">
        <parameters />
    </EnvObject>
    <EnvObject t0="42.6339" t1="113.617" t2="-179.93" s0="1" s1="1" s2="1" q0="-0.0640029" q1="0.726167" q2="0.0842453" r0="-0.0688324" r1="0.0215071" r2="-0.997398" r3="0" r4="-0.207414" r5="0.977613" r6="0.0353942" r7="0" r8="0.97583" r9="0.20931" r10="-0.0628306" r11="0" r12="0" r13="0" r14="0" r15="1" id="59" color_r="1" color_g="1" color_b="1" type_file="Data/Custom/twowolves/landmark_lantern/jims_lantern.xml">
        <parameters />
    </EnvObject>
    <EnvObject t0="25.2776" t1="109.213" t2="-157.896" s0="1" s1="1" s2="1" q0="-0.0556488" q1="-0.198563" q2="0.0184101" r0="0.920467" r1="0.0581221" r2="0.386473" r3="0" r4="-0.0139229" r5="0.993129" r6="-0.116197" r7="0" r8="-0.390571" r9="0.101575" r10="0.914952" r11="0" r12="0" r13="0" r14="0" r15="1" id="60" color_r="1" color_g="1" color_b="1" type_file="Data/Custom/twowolves/landmark_lantern/jims_lantern.xml">
        <parameters />
    </EnvObject>
    <EnvObject t0="33.575" t1="109.304" t2="-168.307" s0="1" s1="1" s2="1" q0="0.0513893" q1="-0.737348" q2="0.0499807" r0="-0.0923608" r1="-0.00863974" r2="0.995687" r3="0" r4="-0.142927" r5="0.989722" r6="-0.00467024" r7="0" r8="-0.985413" r9="-0.142743" r10="-0.0926464" r11="0" r12="0" r13="0" r14="0" r15="1" id="61" color_r="1" color_g="1" color_b="1" type_file="Data/Custom/twowolves/landmark_lantern/jims_lantern.xml">
        <parameters />
    </EnvObject>
    <EnvObject t0="33.2762" t1="109.678" t2="-167.578" s0="1" s1="1" s2="1" q0="0.054763" q1="-0.82331" q2="0.031832" r0="-0.357705" r1="-0.0542645" r2="0.932255" r3="0" r4="-0.126083" r5="0.991975" r6="0.00936249" r7="0" r8="-0.925282" r9="-0.114193" r10="-0.361676" r11="0" r12="0" r13="0" r14="0" r15="1" id="62" color_r="1" color_g="1" color_b="1" type_file="Data/Custom/twowolves/landmark_lantern/jims_lantern.xml">
        <parameters />
    </EnvObject>
    <EnvObject t0="36.7785" t1="107.534" t2="-119.819" s0="1" s1="1" s2="1" q0="0.104197" q1="-0.37626" q2="-0.0078865" r0="0.716733" r1="-0.0929305" r2="0.691128" r3="0" r4="-0.0638892" r5="0.978162" r6="0.197782" r7="0" r8="-0.694415" r9="-0.185912" r10="0.695144" r11="0" r12="0" r13="0" r14="0" r15="1" id="63" color_r="1" color_g="1" color_b="1" type_file="Data/Custom/twowolves/landmark_lantern/jims_lantern.xml">
        <parameters />
    </EnvObject>
    <EnvObject t0="36.3256" t1="107.91" t2="-120.516" s0="1" s1="1" s2="1" q0="0.0646475" q1="-0.344984" q2="-0.0133725" r0="0.761615" r1="-0.0696455" r2="0.644277" r3="0" r4="-0.0195638" r5="0.991284" r6="0.130283" r7="0" r8="-0.647735" r9="-0.11183" r10="0.753614" r11="0" r12="0" r13="0" r14="0" r15="1" id="64" color_r="1" color_g="1" color_b="1" type_file="Data/Custom/twowolves/landmark_lantern/jims_lantern.xml">
        <parameters />
    </EnvObject>
    <EnvObject t0="34.7233" t1="107.474" t2="-121.623" s0="1" s1="1" s2="1" q0="0.0721674" q1="-0.22355" q2="0.0298741" r0="0.898265" r1="0.0257828" r2="0.438696" r3="0" r4="-0.090315" r5="0.987799" r6="0.126873" r7="0" r8="-0.430072" r9="-0.153586" r10="0.889634" r11="0" r12="0" r13="0" r14="0" r15="1" id="65" color_r="1" color_g="1" color_b="1" type_file="Data/Custom/twowolves/landmark_lantern/jims_lantern.xml">
        <parameters />
    </EnvObject>
    <EnvObject t0="13.0679" t1="98.2888" t2="-108.847" s0="1" s1="1" s2="1" q0="0.0950899" q1="-0.23916" q2="0.0409398" r0="0.882253" r1="0.0335668" r2="0.469577" r3="0" r4="-0.124534" r5="0.978564" r6="0.164026" r7="0" r8="-0.454005" r9="-0.203191" r10="0.867521" r11="0" r12="0" r13="0" r14="0" r15="1" id="66" color_r="1" color_g="1" color_b="1" type_file="Data/Custom/twowolves/landmark_lantern/jims_lantern.xml">
        <parameters />
    </EnvObject>
    <EnvObject t0="3.33562" t1="98.1813" t2="-122.122" s0="1" s1="1" s2="1" q0="0.0545278" q1="0.564296" q2="0.127535" r0="0.330609" r1="0.269124" r2="-0.904582" r3="0" r4="-0.146045" r5="0.961523" r6="0.232688" r7="0" r8="0.932399" r9="0.0551813" r10="0.357193" r11="0" r12="0" r13="0" r14="0" r15="1" id="67" color_r="1" color_g="1" color_b="1" type_file="Data/Custom/twowolves/landmark_lantern/jims_lantern.xml">
        <parameters />
    </EnvObject>
    <EnvObject t0="-5.7779" t1="101.82" t2="-144.081" s0="1" s1="1" s2="1" q0="0.0116191" q1="0.601316" q2="0.167143" r0="0.220965" r1="0.275134" r2="-0.935668" r3="0" r4="-0.247187" r5="0.943856" r6="0.219167" r7="0" r8="0.943436" r9="0.182857" r10="0.276569" r11="0" r12="0" r13="0" r14="0" r15="1" id="68" color_r="1" color_g="1" color_b="1" type_file="Data/Custom/twowolves/landmark_lantern/jims_lantern.xml">
        <parameters />
    </EnvObject>
    <EnvObject t0="4.29126" t1="106.41" t2="-153.622" s0="1" s1="1" s2="1" q0="-0.0860275" q1="0.131825" q2="0.114442" r0="0.93905" r1="0.201827" r2="-0.2783" r3="0" r4="-0.247189" r5="0.959005" r6="-0.138592" r7="0" r8="0.238919" r9="0.198938" r10="0.950443" r11="0" r12="0" r13="0" r14="0" r15="1" id="69" color_r="1" color_g="1" color_b="1" type_file="Data/Custom/twowolves/landmark_lantern/jims_lantern.xml">
        <parameters />
    </EnvObject>
    <EnvObject t0="68.1404" t1="120.86" t2="-211.562" s0="2.25846" s1="2.25846" s2="2.25846" q0="0.0574335" q1="0.0692514" q2="-0.0180231" r0="0.989759" r1="-0.0279393" r2="-0.139989" r3="0" r4="0.0438487" r5="0.992753" r6="0.111886" r7="0" r8="0.135848" r9="-0.116879" r10="0.983811" r11="0" r12="0" r13="0" r14="0" r15="1" id="70" color_r="1" color_g="1" color_b="1" type_file="Data/Custom/twowolves/landmark_lantern/jims_lantern.xml">
        <parameters />
    </EnvObject>
    <EnvObject t0="65.6962" t1="118.296" t2="-211.579" s0="1" s1="1" s2="1" q0="0.0357736" q1="0.078478" q2="-0.00852741" r0="0.987537" r1="-0.0113758" r2="-0.156975" r3="0" r4="0.0226055" r5="0.997295" r6="0.0699396" r7="0" r8="0.155755" r9="-0.0726165" r10="0.985123" r11="0" r12="0" r13="0" r14="0" r15="1" id="71" color_r="1" color_g="1" color_b="1" type_file="Data/Custom/twowolves/landmark_lantern/jims_lantern.xml">
        <parameters />
    </EnvObject>
    <EnvObject t0="98.0419" t1="114.607" t2="-165.088" s0="3.5723" s1="3.5723" s2="3.5723" q0="0.00381131" q1="0.998296" q2="0.000347047" r0="-0.99319" r1="0.00765003" r2="-0.116176" r3="0" r4="0.00756925" r5="0.999971" r6="0.00113646" r7="0" r8="0.116181" r9="0.000249362" r10="-0.993219" r11="0" r12="0" r13="0" r14="0" r15="1" id="72" color_r="1" color_g="1" color_b="1" type_file="Data/Objects/Environment/Rocks/strata_rocks/strata_rock_pillar.xml">
        <parameters />
    </EnvObject>
    <EnvObject t0="122.517" t1="120.64" t2="-200.544" s0="3.5723" s1="3.5723" s2="3.5723" q0="-0.529745" q1="-0.587094" q2="0.31729" r0="0.109296" r1="0.9542" r2="0.278478" r3="0" r4="0.28984" r5="0.237394" r6="-0.927163" r7="0" r8="-0.950811" r9="0.182047" r10="-0.250618" r11="0" r12="0" r13="0" r14="0" r15="1" id="73" color_r="1" color_g="1" color_b="1" type_file="Data/Objects/Environment/Rocks/strata_rocks/strata_rock_pillar.xml">
        <parameters />
    </EnvObject>
    <EnvObject t0="100.735" t1="116.367" t2="-198.643" s0="1.22665" s1="1.22665" s2="1.22665" q0="0.311132" q1="0.612365" q2="-0.48834" r0="-0.226934" r1="-0.14466" r2="-0.963105" r3="0" r4="0.906765" r5="0.329441" r6="-0.263142" r7="0" r8="0.355352" r9="-0.933028" r10="0.0564123" r11="0" r12="0" r13="0" r14="0" r15="1" id="74" color_r="1" color_g="1" color_b="1" type_file="Data/Objects/Environment/Rocks/strata_rocks/strata_rock_pillar.xml">
        <parameters />
    </EnvObject>
    <EnvObject t0="95.5434" t1="116.72" t2="-243.542" s0="1.63088" s1="2.09084" s2="1.63088" q0="-0.0169794" q1="-0.859113" q2="-0.0102197" r0="-0.476359" r1="0.0187218" r2="0.879051" r3="0" r4="0.0396273" r5="0.999214" r6="0.000193154" r7="0" r8="-0.878356" r9="0.0349264" r10="-0.476727" r11="0" r12="0" r13="0" r14="0" r15="1" id="75" color_r="1" color_g="1" color_b="1" type_file="Data/Objects/Environment/Rocks/strata_rocks/strata_rock_capital.xml">
        <parameters />
    </EnvObject>
    <EnvObject t0="120.832" t1="118.305" t2="-221.177" s0="1.63088" s1="2.09084" s2="1.63088" q0="0.997151" q1="0.0676641" q2="0.0196266" r0="0.990073" r1="0.135999" r2="0.0354994" r3="0" r4="0.133886" r5="-0.989389" r6="0.0563253" r7="0" r8="0.0427832" r9="-0.0510132" r10="-0.997776" r11="0" r12="0" r13="0" r14="0" r15="1" id="76" color_r="1" color_g="1" color_b="1" type_file="Data/Objects/Environment/Rocks/strata_rocks/strata_rock_capital.xml">
        <parameters />
    </EnvObject>
    <EnvObject t0="-67.2925" t1="79.5342" t2="259.254" s0="2.35211" s1="1.79405" s2="2.4386" q0="0.244876" q1="-0.268504" q2="0.0142335" r0="0.855406" r1="-0.104983" r2="0.507205" r3="0" r4="-0.158018" r5="0.879666" r6="0.44857" r7="0" r8="-0.493263" r9="-0.463857" r10="0.735883" r11="0" r12="0" r13="0" r14="0" r15="1" id="77" color_r="1" color_g="1" color_b="1" type_file="Data/Objects/Environment/Land/jagged_outcrop.xml">
        <parameters />
    </EnvObject>
    <EnvObject t0="-10.8689" t1="100.188" t2="-91.6427" s0="1" s1="1" s2="1" q0="-0.0073774" q1="-0.166501" q2="-0.0408715" r0="0.941214" r1="-0.0780739" r2="0.328666" r3="0" r4="0.0829873" r5="0.99655" r6="-0.000925647" r7="0" r8="-0.32746" r9="0.0281463" r10="0.944446" r11="0" r12="0" r13="0" r14="0" r15="1" id="78" color_r="1" color_g="1" color_b="1" type_file="Data/Custom/twowolves/landmark_lantern/jims_lantern.xml">
        <parameters />
    </EnvObject>
    <EnvObject t0="-20.6773" t1="100.654" t2="-97.5946" s0="1" s1="1" s2="1" q0="-0.04199" q1="0.104715" q2="0.0175039" r0="0.977457" r1="0.0259849" r2="-0.209531" r3="0" r4="-0.0435728" r5="0.995861" r6="-0.079765" r7="0" r8="0.206591" r9="0.0870967" r10="0.974543" r11="0" r12="0" r13="0" r14="0" r15="1" id="79" color_r="1" color_g="1" color_b="1" type_file="Data/Custom/twowolves/landmark_lantern/jims_lantern.xml">
