<?xml version="2.0" ?>
<Type>saved</Type>
<Name></Name>
<Description></Description>
<Shader>post</Shader>
<OutOfDate NavMesh="true" />
<AmbientSounds />
<Script>Data/Custom/timbles/therium-2/Scripts/levelscripts/Aending.as</Script>
<LevelScriptParameters>
    <parameter name="Achievements" type="string" val="no_injuries, no_kills" />
    <parameter name="HDR Black point" type="string" val="0.032" />
    <parameter name="HDR Bloom multiplier" type="string" val="0.518" />
    <parameter name="HDR White point" type="string" val="0.977" />
    <parameter name="Level Boundaries" type="string" val="1" />
    <parameter name="Objectives" type="string" val="destroy_all" />
    <parameter name="Sky Brightness" type="string" val="1.9100000000000001" />
    <parameter name="Sky Rotation" type="string" val="143" />
    <parameter name="Sky Tint" type="string" val="196, 226, 255" />
</LevelScriptParameters>
<Sky>
    <DomeTexture>Data/Custom/timbles/therium-2/Textures/skies/e-a2.tga</DomeTexture>
    <SunAngularRad>0.215883</SunAngularRad>
    <SunColorAngle>353.589</SunColorAngle>
    <RayToSun r0="-0.0491641" r1="0.992342" r2="-0.113315" />
</Sky>
<ActorObjects>
    <CameraObject t0="-54.0684" t1="136.467" t2="192.92" s0="1" s1="1" s2="1" q0="0.0227175" q1="0.975555" q2="-0.122366" r0="-0.933363" r1="-5.96046e-008" r2="-0.358934" r3="0" r4="0.0886488" r5="0.969021" r6="-0.23052" r7="0" r8="0.347815" r9="-0.246978" r10="-0.904448" r11="0" r12="0" r13="0" r14="0" r15="1" id="3">
        <parameters />
    </CameraObject>
    <ActorObject t0="-36.4674" t1="134.669" t2="262.135" s0="1" s1="1" s2="1" q0="1.39091e-008" q1="1" q2="-0" r0="-1" r1="2.78182e-008" r2="-0" r3="0" r4="2.78182e-008" r5="1" r6="0" r7="0" r8="0" r9="-0" r10="-1" r11="0" r12="0" r13="0" r14="0" r15="1" id="0" type_file="Data/Custom/timbles/therium-2/Objects/IGF_Characters/ghost.xml" is_player="1" is_dead="0">
        <parameters>
            <parameter name="Aggression" type="float" val="0.5" />
            <parameter name="Attack Damage" type="float" val="1" />
            <parameter name="Attack Knockback" type="float" val="1" />
            <parameter name="Attack Speed" type="float" val="1" />
            <parameter name="Block Follow-up" type="float" val="0.5" />
            <parameter name="Block Skill" type="float" val="0.5" />
            <parameter name="Character Scale" type="float" val="1" />
            <parameter name="Damage Resistance" type="float" val="1" />
            <parameter name="Ear Size" type="float" val="1" />
            <parameter name="Fat" type="float" val="0.5" />
            <parameter name="Focus FOV distance" type="float" val="10" />
            <parameter name="Focus FOV horizontal" type="float" val="0.62834" />
            <parameter name="Focus FOV vertical" type="float" val="0.62834" />
            <parameter name="Ground Aggression" type="float" val="0.5" />
            <parameter name="Left handed" type="int" val="0" />
            <parameter name="Lives" type="int" val="1" />
            <parameter name="Movement Speed" type="float" val="1" />
            <parameter name="Muscle" type="float" val="0.5" />
            <parameter name="Peripheral FOV distance" type="float" val="4" />
            <parameter name="Peripheral FOV horizontal" type="float" val="1.41376" />
            <parameter name="Peripheral FOV vertical" type="float" val="1.41376" />
            <parameter name="Static" type="int" val="0" />
            <parameter name="Teams" type="string" val="player, Ghost" />
        </parameters>
        <Connections>
            <Connection id="-1" />
        </Connections>
        <ItemConnections>
            <ItemConnection id="175" type="1" mirrored="0" attachment="" />
            <ItemConnection id="176" type="1" mirrored="0" attachment="" />
        </ItemConnections>
        <Palette />
    </ActorObject>
    <EnvObject t0="-54.7862" t1="176.433" t2="169.548" s0="3.95047" s1="1.77276" s2="3.86575" q0="-5.96046e-008" q1="-0.235446" q2="0" r0="0.88913" r1="2.80673e-008" r2="0.457654" r3="0" r4="2.80673e-008" r5="1" r6="-1.15858e-007" r7="0" r8="-0.457654" r9="1.15858e-007" r10="0.88913" r11="0" r12="0" r13="0" r14="0" r15="1" id="5" color_r="0.643137" color_g="0.501961" color_b="0.435294" type_file="Data/Objects/Environment/Rocks/strata_rocks/strata_rock_capital.xml">
        <parameters />
    </EnvObject>
    <EnvObject t0="-59.4342" t1="173.383" t2="219.28" s0="3.27249" s1="1.77276" s2="3.44018" q0="-5.96046e-008" q1="0.319637" q2="0" r0="0.795664" r1="-3.81037e-008" r2="-0.605738" r3="0" r4="-3.81037e-008" r5="1" r6="-1.12955e-007" r7="0" r8="0.605738" r9="1.12955e-007" r10="0.795664" r11="0" r12="0" r13="0" r14="0" r15="1" id="6" color_r="0.643137" color_g="0.501961" color_b="0.435294" type_file="Data/Objects/Environment/Rocks/strata_rocks/strata_rock_capital.xml">
        <parameters />
    </EnvObject>
    <EnvObject t0="-11.8784" t1="176.435" t2="163.221" s0="3.95047" s1="1.77276" s2="3.86575" q0="1.49012e-008" q1="0.971887" q2="-5.96046e-008" r0="-0.889129" r1="8.97025e-010" r2="-0.457657" r3="0" r4="5.70321e-008" r5="1" r6="-1.08841e-007" r7="0" r8="0.457657" r9="-1.22875e-007" r10="-0.889129" r11="0" r12="0" r13="0" r14="0" r15="1" id="7" color_r="0.643137" color_g="0.501961" color_b="0.435294" type_file="Data/Objects/Environment/Rocks/strata_rocks/strata_rock_capital.xml">
        <parameters />
    </EnvObject>
    <EnvObject t0="-1.79912" t1="176.436" t2="238.419" s0="7.0322" s1="1.77276" s2="5.96286" q0="-5.96046e-008" q1="-0.333746" q2="0" r0="0.777227" r1="3.97856e-008" r2="0.62922" r3="0" r4="3.97856e-008" r5="1" r6="-1.12374e-007" r7="0" r8="-0.62922" r9="1.12374e-007" r10="0.777227" r11="0" r12="0" r13="0" r14="0" r15="1" id="8" color_r="0.643137" color_g="0.501961" color_b="0.435294" type_file="Data/Objects/Environment/Rocks/strata_rocks/strata_rock_capital.xml">
        <parameters />
    </EnvObject>
    <EnvObject t0="-72.4532" t1="176.436" t2="293.261" s0="9.68596" s1="1.77276" s2="8.72553" q0="-5.96046e-008" q1="-0.333746" q2="0" r0="0.777227" r1="3.97856e-008" r2="0.62922" r3="0" r4="3.97856e-008" r5="1" r6="-1.12374e-007" r7="0" r8="-0.62922" r9="1.12374e-007" r10="0.777227" r11="0" r12="0" r13="0" r14="0" r15="1" id="9" color_r="0.643137" color_g="0.501961" color_b="0.435294" type_file="Data/Objects/Environment/Rocks/strata_rocks/strata_rock_capital.xml">
        <parameters />
    </EnvObject>
    <EnvObject t0="-35.0668" t1="176.46" t2="93.6998" s0="9.68616" s1="1.7728" s2="8.72571" q0="-5.96046e-008" q1="-0.333746" q2="0" r0="0.777227" r1="3.97856e-008" r2="0.62922" r3="0" r4="3.97856e-008" r5="1" r6="-1.12374e-007" r7="0" r8="-0.62922" r9="1.12374e-007" r10="0.777227" r11="0" r12="0" r13="0" r14="0" r15="1" id="10" color_r="0.643137" color_g="0.501961" color_b="0.435294" type_file="Data/Objects/Environment/Rocks/strata_rocks/strata_rock_capital.xml">
        <parameters />
    </EnvObject>
    <EnvObject t0="52.5561" t1="176.438" t2="167.681" s0="9.68596" s1="1.77276" s2="8.72553" q0="-5.96046e-008" q1="-0.333746" q2="0" r0="0.777227" r1="3.97856e-008" r2="0.62922" r3="0" r4="3.97856e-008" r5="1" r6="-1.12374e-007" r7="0" r8="-0.62922" r9="1.12374e-007" r10="0.777227" r11="0" r12="0" r13="0" r14="0" r15="1" id="11" color_r="0.643137" color_g="0.501961" color_b="0.435294" type_file="Data/Objects/Environment/Rocks/strata_rocks/strata_rock_capital.xml">
        <parameters />
    </EnvObject>
    <EnvObject t0="-36.4947" t1="168.554" t2="299.908" s0="9.68596" s1="1.77276" s2="8.72553" q0="-5.96046e-008" q1="-0.333746" q2="0" r0="0.777227" r1="3.97856e-008" r2="0.62922" r3="0" r4="3.97856e-008" r5="1" r6="-1.12374e-007" r7="0" r8="-0.62922" r9="1.12374e-007" r10="0.777227" r11="0" r12="0" r13="0" r14="0" r15="1" id="12" color_r="0.643137" color_g="0.501961" color_b="0.435294" type_file="Data/Objects/Environment/Rocks/strata_rocks/strata_rock_capital.xml">
        <parameters />
    </EnvObject>
    <EnvObject t0="-37.6448" t1="131.916" t2="168.662" s0="0.464348" s1="0.472855" s2="0.497146" q0="-0.140192" q1="0.128913" q2="-0.0508592" r0="0.96159" r1="-0.135868" r2="-0.238507" r3="0" r4="0.0635773" r5="0.955519" r6="-0.287995" r7="0" r8="0.267027" r9="0.261769" r10="0.927455" r11="0" r12="0" r13="0" r14="0" r15="1" id="13" color_r="0.643137" color_g="0.501961" color_b="0.435294" type_file="Data/Objects/Environment/Rocks/strata_rocks/strata_rock_capital.xml">
        <parameters />
    </EnvObject>
    <Decal t0="-37.0104" t1="128.491" t2="203.25" s0="14.6346" s1="7.94084" s2="14.6346" q0="0" q1="0" q2="0" r0="1" r1="0" r2="0" r3="0" r4="0" r5="1" r6="0" r7="0" r8="0" r9="0" r10="1" r11="0" r12="0" r13="0" r14="0" r15="1" id="14" type_file="Data/Objects/Decals/WhiteRocksAndDirt.xml" color_r="1" color_g="1" color_b="1">
        <parameters />
    </Decal>
    <EnvObject t0="-36.6924" t1="125.785" t2="202.969" s0="11.1532" s1="5.70889" s2="11.4645" q0="0" q1="0" q2="0" r0="1" r1="0" r2="0" r3="0" r4="0" r5="1" r6="0" r7="0" r8="0" r9="0" r10="1" r11="0" r12="0" r13="0" r14="0" r15="1" id="15" color_r="1.22941" color_g="1.22941" color_b="1.22941" type_file="Data\Objects\water_test.xml">
        <parameters />
    </EnvObject>
    <Decal t0="-36.8438" t1="127.516" t2="203.055" s0="18.408" s1="10.0493" s2="18.408" q0="-2.98023e-008" q1="-0.965926" q2="0" r0="-0.866026" r1="5.75736e-008" r2="0.499999" r3="0" r4="5.75736e-008" r5="1" r6="-1.54268e-008" r7="0" r8="-0.499999" r9="1.54268e-008" r10="-0.866026" r11="0" r12="0" r13="0" r14="0" r15="1" id="16" type_file="Data/Objects/Decals/WhiteRocksAndDirt.xml" color_r="1" color_g="1" color_b="1">
        <parameters />
    </Decal>
    <Hotspot t0="-36.9143" t1="129.397" t2="202.403" s0="4.19864" s1="1" s2="4.31556" q0="0" q1="0" q2="0" r0="1" r1="0" r2="0" r3="0" r4="0" r5="1" r6="0" r7="0" r8="0" r9="0" r10="1" r11="0" r12="0" r13="0" r14="0" r15="1" id="17" type_file="Data\Objects\Hotspots\water.xml">
        <parameters>
            <parameter name="XVel" type="float" val="0" />
            <parameter name="ZVel" type="float" val="0" />
        </parameters>
    </Hotspot>
    <EnvObject t0="-66.764" t1="144.596" t2="203.407" s0="2.44191" s1="2.56523" s2="2.51676" q0="0" q1="0" q2="0" r0="1" r1="0" r2="0" r3="0" r4="0" r5="1" r6="0" r7="0" r8="0" r9="0" r10="1" r11="0" r12="0" r13="0" r14="0" r15="1" id="18" color_r="0.517647" color_g="0.486275" color_b="0.45098" type_file="Data\Custom\xweert123\caveset\Models\Jack_Caveset\cavepillar.xml">
        <parameters />
    </EnvObject>
    <EnvObject t0="-68.9162" t1="146.931" t2="229.257" s0="2.44191" s1="3.07152" s2="2.40536" q0="-0.0106558" q1="-0.994647" q2="-0.0134883" r0="-0.979009" r1="0.0184488" r2="0.202979" r3="0" r4="0.0239462" r5="0.999409" r6="0.0246607" r7="0" r8="-0.202404" r9="0.0290037" r10="-0.978873" r11="0" r12="0" r13="0" r14="0" r15="1" id="19" color_r="0.517647" color_g="0.486275" color_b="0.45098" type_file="Data\Custom\xweert123\caveset\Models\Jack_Caveset\cavepillar.xml">
        <parameters />
    </EnvObject>
    <EnvObject t0="-66.712" t1="145.994" t2="235.46" s0="1.77712" s1="2.23533" s2="1.75052" q0="-0.0178929" q1="0.26555" q2="-0.0229083" r0="0.857917" r1="-0.0536545" r2="-0.510979" r3="0" r4="0.0346486" r5="0.99831" r6="-0.0466519" r7="0" r8="0.512619" r9="0.0223187" r10="0.858326" r11="0" r12="0" r13="0" r14="0" r15="1" id="20" color_r="0.517647" color_g="0.486275" color_b="0.45098" type_file="Data\Custom\xweert123\caveset\Models\Jack_Caveset\cavepillar.xml">
        <parameters />
    </EnvObject>
    <EnvObject t0="-24.7754" t1="138.808" t2="240.508" s0="1.56753" s1="2.21682" s2="1.61685" q0="-0.0252368" q1="0.741052" q2="-0.00151122" r0="-0.0983206" r1="-0.0394315" r2="-0.994373" r3="0" r4="-0.0353756" r5="0.998722" r6="-0.0361061" r7="0" r8="0.994526" r9="0.0316266" r10="-0.0995899" r11="0" r12="0" r13="0" r14="0" r15="1" id="21" color_r="0.643137" color_g="0.501961" color_b="0.435294" type_file="Data/Objects/Environment/Rocks/strata_rocks/strata_rock_pillar.xml">
        <parameters />
    </EnvObject>
    <EnvObject t0="-12.9606" t1="145.85" t2="201.533" s0="2.72819" s1="2.96616" s2="2.79328" q0="-0.26887" q1="0.0259564" q2="-0.962647" r0="-0.854726" r1="-0.0497675" r2="0.516688" r3="0" r4="0.0218519" r5="-0.997961" r6="-0.0599755" r7="0" r8="0.518619" r9="-0.0399719" r10="0.85407" r11="0" r12="0" r13="0" r14="0" r15="1" id="22" color_r="0.517647" color_g="0.486275" color_b="0.45098" type_file="Data\Custom\xweert123\caveset\Models\Jack_Caveset\cavepillar.xml">
        <parameters />
    </EnvObject>
    <EnvObject t0="-17.6047" t1="147.577" t2="193.116" s0="2.22359" s1="2.49216" s2="2.12646" q0="0.747824" q1="0.0774077" q2="-0.659318" r0="0.118616" r1="0.104972" r2="-0.987376" r3="0" r4="0.126577" r5="-0.987882" r6="-0.0898197" r7="0" r8="-0.984839" r9="-0.114325" r10="-0.130465" r11="0" r12="0" r13="0" r14="0" r15="1" id="23" color_r="0.517647" color_g="0.486275" color_b="0.45098" type_file="Data\Custom\xweert123\caveset\Models\Jack_Caveset\cavepillar.xml">
        <parameters />
    </EnvObject>
    <Hotspot t0="-18.8197" t1="132.994" t2="216.562" s0="0.233651" s1="0.0662559" s2="0.220731" q0="-0.911501" q1="-0.0279036" q2="0.41031" r0="0.661734" r1="0.0555839" r2="-0.747675" r3="0" r4="0.0461527" r5="-0.998377" r6="-0.0333739" r7="0" r8="-0.748317" r9="-0.0124226" r10="-0.663225" r11="0" r12="0" r13="0" r14="0" r15="1" id="25" type_file="Data\Objects\Hotspots\fire_test.xml">
        <parameters />
    </Hotspot>
    <DynamicLightObject t0="-18.8239" t1="133.661" t2="216.565" s0="37.1012" s1="37.1012" s2="37.1012" q0="0" q1="0" q2="0" r0="1" r1="0" r2="0" r3="0" r4="0" r5="1" r6="0" r7="0" r8="0" r9="0" r10="1" r11="0" r12="0" r13="0" r14="0" r15="1" id="27" color_r="22.9" color_g="7.63333" color_b="0">
        <parameters />
    </DynamicLightObject>
    <Decal t0="-55.0317" t1="143.037" t2="248.776" s0="21.398" s1="16.2775" s2="27.6719" q0="-0.28914" q1="0.332614" q2="-0.615464" r0="0.0211441" r1="-0.996669" r2="-0.0787691" r3="0" r4="0.611981" r5="0.0752044" r6="-0.787289" r7="0" r8="0.79059" r9="-0.0315587" r10="0.611532" r11="0" r12="0" r13="0" r14="0" r15="1" id="31" type_file="Data/Objects/Decals/ChunkyRockPatchy.xml" color_r="0.517647" color_g="0.360784" color_b="0.290196">
        <parameters />
    </Decal>
    <Decal t0="-67.7836" t1="145.917" t2="215.036" s0="18.7386" s1="10.2733" s2="22.9393" q0="0.780536" q1="0.6057" q2="0.113224" r0="0.240616" r1="0.969368" r2="0.0492862" r3="0" r4="0.921714" r5="-0.244112" r6="0.301417" r7="0" r8="0.304215" r9="-0.0270979" r10="-0.952218" r11="0" r12="0" r13="0" r14="0" r15="1" id="32" type_file="Data/Objects/Decals/ChunkyRockPatchy.xml" color_r="0.235294" color_g="0.172549" color_b="0.145098">
        <parameters />
    </Decal>
    <Decal t0="-59.0592" t1="147.065" t2="179.189" s0="39.0246" s1="9.15885" s2="27.1468" q0="0.644434" q1="0.283852" q2="-0.272806" r0="0.69001" r1="0.00818682" r2="-0.723754" r3="0" r4="0.723509" r5="0.0205635" r6="0.690009" r7="0" r8="0.0205319" r9="-0.999755" r10="0.00826576" r11="0" r12="0" r13="0" r14="0" r15="1" id="33" type_file="Data/Objects/Decals/ChunkyRockPatchy.xml" color_r="0.235294" color_g="0.176471" color_b="0.14902">
        <parameters />
    </Decal>
    <Decal t0="-12.6865" t1="142.775" t2="230.993" s0="21.3981" s1="15.4472" s2="27.6719" q0="-0.194759" q1="-0.204492" q2="0.636121" r0="0.107066" r1="0.993192" r2="0.0458922" r3="0" r4="-0.833886" r5="0.114838" r6="-0.539858" r7="0" r8="-0.541453" r9="0.0195318" r10="0.840504" r11="0" r12="0" r13="0" r14="0" r15="1" id="34" type_file="Data/Objects/Decals/ChunkyRockPatchy.xml" color_r="0.321569" color_g="0.282353" color_b="0.262745">
        <parameters />
    </Decal>
    <Decal t0="-6.375" t1="142.266" t2="213.443" s0="13.1151" s1="12.8035" s2="16.9604" q0="0.602187" q1="-0.778031" q2="-0.137157" r0="-0.248288" r1="-0.968588" r2="0.0137698" r3="0" r4="-0.905492" r5="0.237118" r6="0.351936" r7="0" r8="-0.344146" r9="0.0749132" r10="-0.935923" r11="0" r12="0" r13="0" r14="0" r15="1" id="35" type_file="Data/Objects/Decals/ChunkyRockPatchy.xml" color_r="0.321569" color_g="0.282353" color_b="0.262745">
        <parameters />
    </Decal>
    <EnvObject t0="-50.1515" t1="132.923" t2="246.722" s0="1.31216" s1="1.31216" s2="1.31216" q0="-2.98023e-008" q1="-0.928561" q2="0" r0="-0.724451" r1="5.53465e-008" r2="0.689326" r3="0" r4="5.53465e-008" r5="1" r6="-2.2124e-008" r7="0" r8="-0.689326" r9="2.2124e-008" r10="-0.724451" r11="0" r12="0" r13="0" r14="0" r15="1" id="36" color_r="0.643137" color_g="0.501961" color_b="0.435294" type_file="Data/Objects/Environment/Rocks/strata_rocks/strata_rock_block.xml">
        <parameters />
    </EnvObject>
    <EnvObject t0="-57.6216" t1="133.534" t2="238.477" s0="1.20424" s1="1.20424" s2="1.20424" q0="0.371179" q1="5.96046e-008" q2="0.928561" r0="-0.724451" r1="0.0015038" r2="0.689325" r3="0" r4="-0.00150371" r5="-0.999999" r6="0.000601215" r7="0" r8="0.689325" r9="-0.000600994" r10="0.724452" r11="0" r12="0" r13="0" r14="0" r15="1" id="37" color_r="0.643137" color_g="0.501961" color_b="0.435294" type_file="Data/Objects/Environment/Rocks/strata_rocks/strata_rock_block.xml">
        <parameters />
    </EnvObject>
    <EnvObject t0="-70.7565" t1="136.186" t2="221.072" s0="1.46303" s1="1.46303" s2="1.46303" q0="0.946811" q1="-0.0256659" q2="0.320704" r0="0.79298" r1="-0.0445908" r2="0.607613" r3="0" r4="-0.0526123" r5="-0.998604" r6="-0.0046214" r7="0" r8="0.606971" r9="-0.0283032" r10="-0.79422" r11="0" r12="0" r13="0" r14="0" r15="1" id="38" color_r="0.643137" color_g="0.501961" color_b="0.435294" type_file="Data/Objects/Environment/Rocks/strata_rocks/strata_rock_block.xml">
        <parameters />
    </EnvObject>
    <EnvObject t0="-67.7296" t1="134.42" t2="213.809" s0="1.46303" s1="1.46303" s2="1.46303" q0="-0.017474" q1="-0.00193286" q2="0.999499" r0="-0.998004" r1="0.0526783" r2="-0.0348287" r3="0" r4="-0.0525432" r5="-0.998607" r6="-0.00478356" r7="0" r8="-0.0350322" r9="-0.002944" r10="0.999382" r11="0" r12="0" r13="0" r14="0" r15="1" id="39" color_r="0.643137" color_g="0.501961" color_b="0.435294" type_file="Data/Objects/Environment/Rocks/strata_rocks/strata_rock_block.xml">
        <parameters />
    </EnvObject>
    <EnvObject t0="-65.2346" t1="133.725" t2="221.924" s0="1.19434" s1="1.19434" s2="1.19434" q0="0.0250162" q1="0.99683" q2="0.0730086" r0="-0.998001" r1="0.0526973" r2="-0.0348976" r3="0" r4="0.0470503" r5="0.988088" r6="0.146522" r7="0" r8="0.0422032" r9="0.144587" r10="-0.988592" r11="0" r12="0" r13="0" r14="0" r15="1" id="40" color_r="0.643137" color_g="0.501961" color_b="0.435294" type_file="Data/Objects/Environment/Rocks/strata_rocks/strata_rock_block.xml">
        <parameters />
    </EnvObject>
    <EnvObject t0="-62.1451" t1="132.999" t2="214.547" s0="0.963433" s1="0.982347" s2="0.946459" q0="0.0250162" q1="0.99683" q2="0.0730086" r0="-0.998001" r1="0.0526973" r2="-0.0348976" r3="0" r4="0.0470503" r5="0.988088" r6="0.146522" r7="0" r8="0.0422032" r9="0.144587" r10="-0.988592" r11="0" r12="0" r13="0" r14="0" r15="1" id="41" color_r="0.643137" color_g="0.501961" color_b="0.435294" type_file="Data/Objects/Environment/Rocks/strata_rocks/strata_rock_block.xml">
        <parameters />
    </EnvObject>
    <EnvObject t0="-58.4067" t1="133.11" t2="225.375" s0="2.94867" s1="2.94867" s2="2.94867" q0="-5.96046e-008" q1="0.177779" q2="5.96046e-008" r0="0.936789" r1="9.61173e-008" r2="-0.349894" r3="0" r4="-1.38503e-007" r5="1" r6="-9.61173e-008" r7="0" r8="0.349894" r9="1.38503e-007" r10="0.936789" r11="0" r12="0" r13="0" r14="0" r15="1" id="42" color_r="1" color_g="1" color_b="1" type_file="Data/Objects/Environment/Rocks/dark_rubble.xml">
        <parameters />
    </EnvObject>
    <EnvObject t0="-57.396" t1="132.925" t2="211.685" s0="2.94867" s1="2.94867" s2="2.94867" q0="2.98023e-008" q1="-0.929058" q2="1.78814e-007" r0="-0.726298" r1="7.69226e-008" r2="0.68738" r3="0" r4="-1.87675e-007" r5="1" r6="-3.10207e-007" r7="0" r8="-0.68738" r9="-3.54307e-007" r10="-0.726298" r11="0" r12="0" r13="0" r14="0" r15="1" id="43" color_r="1" color_g="1" color_b="1" type_file="Data/Objects/Environment/Rocks/dark_rubble.xml">
        <parameters />
    </EnvObject>
    <EnvObject t0="-49.8103" t1="133.361" t2="238.262" s0="2.39162" s1="2.39162" s2="2.39162" q0="-0.00990008" q1="-0.766804" q2="0.00259626" r0="-0.17599" r1="0.0185154" r2="0.984218" r3="0" r4="0.0118503" r5="0.99979" r6="-0.0166894" r7="0" r8="-0.984321" r9="0.00872609" r10="-0.176173" r11="0" r12="0" r13="0" r14="0" r15="1" id="44" color_r="1" color_g="1" color_b="1" type_file="Data/Objects/Environment/Rocks/dark_rubble.xml">
        <parameters />
    </EnvObject>
    <EnvObject t0="-41.8395" t1="133.108" t2="245.191" s0="1.08294" s1="1.08294" s2="1.08294" q0="0.00159139" q1="0.471343" q2="-0.0398548" r0="0.552495" r1="-0.0687278" r2="-0.830678" r3="0" r4="0.0717281" r5="0.996818" r6="-0.0347664" r7="0" r8="0.830424" r9="-0.0403747" r10="0.555667" r11="0" r12="0" r13="0" r14="0" r15="1" id="45" color_r="0.305882" color_g="0.301961" color_b="0.298039" type_file="Data/Objects/Crete/hex_crete_rubble.xml">
        <parameters />
    </EnvObject>
    <EnvObject t0="-56.781" t1="133.008" t2="218.889" s0="0.67166" s1="0.67166" s2="0.67166" q0="0.013421" q1="0.0397809" q2="0.00346289" r0="0.996811" r1="0.00798743" r2="-0.0793982" r3="0" r4="-0.00585183" r5="0.999616" r6="0.0270937" r7="0" r8="0.0795841" r9="-0.0265427" r10="0.996475" r11="0" r12="0" r13="0" r14="0" r15="1" id="46" color_r="0.305882" color_g="0.301961" color_b="0.298039" type_file="Data/Objects/Crete/hex_crete_rubble.xml">
        <parameters />
    </EnvObject>
    <EnvObject t0="-64.5798" t1="137.569" t2="223.493" s0="0.505204" s1="0.505204" s2="0.505204" q0="0.0125886" q1="-0.600715" q2="-0.00580001" r0="0.278216" r1="-0.0243967" r2="0.960209" r3="0" r4="-0.00585192" r5="0.999616" r6="0.0270935" r7="0" r8="-0.960501" r9="-0.0131569" r10="0.277966" r11="0" r12="0" r13="0" r14="0" r15="1" id="47" color_r="0.305882" color_g="0.301961" color_b="0.298039" type_file="Data/Objects/Crete/hex_crete_rubble.xml">
        <parameters />
    </EnvObject>
    <EnvObject t0="-36.4702" t1="132.549" t2="202.017" s0="0.937545" s1="0.937545" s2="0.937545" q0="0" q1="0" q2="0" r0="1" r1="0" r2="0" r3="0" r4="0" r5="1" r6="0" r7="0" r8="0" r9="0" r10="1" r11="0" r12="0" r13="0" r14="0" r15="1" id="48" color_r="0.643137" color_g="0.501961" color_b="0.435294" type_file="Data/Objects/Environment/Rocks/strata_rocks/strata_rock_pillar.xml">
        <parameters />
    </EnvObject>
    <EnvObject t0="-36.339" t1="137.282" t2="202.259" s0="0.548617" s1="0.548617" s2="0.548617" q0="-2.98023e-008" q1="0.965926" q2="0" r0="-0.866026" r1="-5.75736e-008" r2="-0.499999" r3="0" r4="-5.75736e-008" r5="1" r6="-1.54268e-008" r7="0" r8="0.499999" r9="1.54268e-008" r10="-0.866026" r11="0" r12="0" r13="0" r14="0" r15="1" id="49" color_r="0.643137" color_g="0.501961" color_b="0.435294" type_file="Data/Objects/Environment/Rocks/strata_rocks/strata_rock_pillar.xml">
        <parameters />
    </EnvObject>
    <EnvObject t0="-15.1587" t1="155.448" t2="218.865" s0="4.5155" s1="4.5155" s2="4.5155" q0="0" q1="0" q2="0" r0="1" r1="0" r2="0" r3="0" r4="0" r5="1" r6="0" r7="0" r8="0" r9="0" r10="1" r11="0" r12="0" r13="0" r14="0" r15="1" id="50" color_r="0.180392" color_g="0.156863" color_b="0.14902" type_file="Data/Objects/Environment/caves/cave_stalactite.xml">
        <parameters />
    </EnvObject>
    <EnvObject t0="-17.3093" t1="158.099" t2="208.685" s0="2.95949" s1="2.95949" s2="2.95949" q0="1.39091e-008" q1="1" q2="-0" r0="-1" r1="2.78182e-008" r2="-0" r3="0" r4="2.78182e-008" r5="1" r6="0" r7="0" r8="0" r9="-0" r10="-1" r11="0" r12="0" r13="0" r14="0" r15="1" id="51" color_r="0.180392" color_g="0.156863" color_b="0.14902" type_file="Data/Objects/Environment/caves/cave_stalactite.xml">
        <parameters />
    </EnvObject>
    <EnvObject t0="-56.1223" t1="160.275" t2="194.037" s0="2.83012" s1="2.83012" s2="2.83012" q0="1.39091e-008" q1="1" q2="-0" r0="-1" r1="2.78182e-008" r2="-0" r3="0" r4="2.78182e-008" r5="1" r6="0" r7="0" r8="0" r9="-0" r10="-1" r11="0" r12="0" r13="0" r14="0" r15="1" id="52" color_r="0.180392" color_g="0.156863" color_b="0.14902" type_file="Data/Objects/Environment/caves/cave_stalactite.xml">
        <parameters />
    </EnvObject>
    <EnvObject t0="-46.9036" t1="157.582" t2="180.168" s0="5.02627" s1="5.02627" s2="5.02627" q0="1.39091e-008" q1="1" q2="-0" r0="-1" r1="2.78182e-008" r2="-0" r3="0" r4="2.78182e-008" r5="1" r6="0" r7="0" r8="0" r9="-0" r10="-1" r11="0" r12="0" r13="0" r14="0" r15="1" id="53" color_r="0.180392" color_g="0.156863" color_b="0.14902" type_file="Data/Objects/Environment/caves/cave_stalactite.xml">
        <parameters />
    </EnvObject>
    <EnvObject t0="-29.9695" t1="150.215" t2="168.214" s0="5.02541" s1="5.02541" s2="5.02541" q0="0" q1="0.258819" q2="0" r0="0.866025" r1="0" r2="-0.5" r3="0" r4="0" r5="1" r6="0" r7="0" r8="0.5" r9="0" r10="0.866025" r11="0" r12="0" r13="0" r14="0" r15="1" id="54" color_r="0.180392" color_g="0.156863" color_b="0.14902" type_file="Data/Objects/Environment/caves/cave_stalactite.xml">
        <parameters />
    </EnvObject>
    <EnvObject t0="-25.6556" t1="148.783" t2="188.057" s0="3.34229" s1="3.34229" s2="3.34229" q0="-0" q1="0.258819" q2="-0" r0="0.866025" r1="-0" r2="-0.5" r3="0" r4="0" r5="1" r6="-0" r7="0" r8="0.5" r9="0" r10="0.866025" r11="0" r12="0" r13="0" r14="0" r15="1" id="55" color_r="0.180392" color_g="0.156863" color_b="0.14902" type_file="Data/Objects/Environment/caves/cave_stalactite.xml">
        <parameters />
    </EnvObject>
    <EnvObject t0="-45.2575" t1="152.464" t2="239.169" s0="4.5155" s1="4.5155" s2="4.5155" q0="0" q1="0.707107" q2="0" r0="-5.96046e-007" r1="0" r2="-1" r3="0" r4="0" r5="1" r6="0" r7="0" r8="1" r9="0" r10="-5.96046e-007" r11="0" r12="0" r13="0" r14="0" r15="1" id="56" color_r="0.180392" color_g="0.156863" color_b="0.14902" type_file="Data/Objects/Environment/caves/cave_stalactite.xml">
        <parameters />
    </EnvObject>
    <EnvObject t0="-37.2394" t1="160.798" t2="229.085" s0="2.1765" s1="2.1765" s2="2.1765" q0="0" q1="-0.5" q2="5.96046e-008" r0="0.5" r1="1.03238e-007" r2="0.866025" r3="0" r4="-1.03238e-007" r5="1" r6="-5.96046e-008" r7="0" r8="-0.866025" r9="-5.96046e-008" r10="0.5" r11="0" r12="0" r13="0" r14="0" r15="1" id="57" color_r="0.180392" color_g="0.156863" color_b="0.14902" type_file="Data/Objects/Environment/caves/cave_stalactite.xml">
        <parameters />
    </EnvObject>
    <EnvObject t0="-25.4448" t1="164.589" t2="226.419" s0="1" s1="1" s2="1" q0="-0.763636" q1="0.154354" q2="0.31774" r0="0.750432" r1="0.107699" r2="-0.652114" r3="0" r4="-0.57918" r5="-0.368197" r6="-0.727311" r7="0" r8="-0.318437" r9="0.923489" r10="-0.21393" r11="0" r12="0" r13="0" r14="0" r15="1" id="58" color_r="0.498039" color_g="0.45098" color_b="0.423529" type_file="Data/Objects/Environment/Rocks/coast_rock_large.xml">
        <parameters />
    </EnvObject>
    <EnvObject t0="-37.3768" t1="164.982" t2="229.771" s0="1" s1="1" s2="1" q0="-0.0555002" q1="-0.499127" q2="-0.862088" r0="-0.984647" r1="-0.0614881" r2="0.163369" r3="0" r4="0.172295" r5="-0.492552" r6="0.853058" r7="0" r8="0.028015" r9="0.868108" r10="0.495584" r11="0" r12="0" r13="0" r14="0" r15="1" id="59" color_r="0.498039" color_g="0.45098" color_b="0.423529" type_file="Data/Objects/Environment/Rocks/coast_rock_large.xml">
        <parameters />
    </EnvObject>
    <EnvObject t0="-53.0994" t1="163.375" t2="213.252" s0="1" s1="1" s2="1" q0="-0.534985" q1="-0.501832" q2="-0.526724" r0="-0.0585471" r1="0.0844314" r2="0.994708" r3="0" r4="0.989459" r5="-0.127294" r6="0.069043" r7="0" r8="0.13245" r9="0.988265" r10="-0.0760887" r11="0" r12="0" r13="0" r14="0" r15="1" id="60" color_r="0.498039" color_g="0.45098" color_b="0.423529" type_file="Data/Objects/Environment/Rocks/coast_rock_large.xml">
        <parameters />
    </EnvObject>
    <EnvObject t0="-56.2378" t1="165.521" t2="193.188" s0="1" s1="1" s2="1" q0="-0.192975" q1="-0.451169" q2="-0.834054" r0="-0.798399" r1="-0.246423" r2="0.549394" r3="0" r4="0.594681" r5="-0.465771" r6="0.655296" r7="0" r8="0.0944118" r9="0.849902" r10="0.518414" r11="0" r12="0" r13="0" r14="0" r15="1" id="61" color_r="0.498039" color_g="0.45098" color_b="0.423529" type_file="Data/Objects/Environment/Rocks/coast_rock_large.xml">
        <parameters />
    </EnvObject>
    <EnvObject t0="-62.3042" t1="150.658" t2="176.559" s0="1.00045" s1="1.00045" s2="1.00045" q0="-0.228783" q1="-0.217898" q2="-0.948761" r0="-0.895254" r1="0.0890779" r2="0.436561" r3="0" r4="0.110327" r5="-0.904978" r6="0.410904" r7="0" r8="0.431681" r9="0.416028" r10="0.800358" r11="0" r12="0" r13="0" r14="0" r15="1" id="62" color_r="0.498039" color_g="0.45098" color_b="0.423529" type_file="Data/Objects/Environment/Rocks/coast_rock_large.xml">
        <parameters />
    </EnvObject>
    <EnvObject t0="-67.2266" t1="154.302" t2="180.42" s0="1.00045" s1="1.00045" s2="1.00045" q0="-0.849807" q1="-0.0766056" q2="0.498785" r0="0.49069" r1="0.282057" r2="-0.824419" r3="0" r4="-0.0216574" r5="-0.941917" r6="-0.335147" r7="0" r8="-0.871065" r9="0.182308" r10="-0.456081" r11="0" r12="0" r13="0" r14="0" r15="1" id="63" color_r="0.498039" color_g="0.45098" color_b="0.423529" type_file="Data/Objects/Environment/Rocks/coast_rock_large.xml">
        <parameters />
    </EnvObject>
    <EnvObject t0="-35.2959" t1="151.604" t2="164.119" s0="1.00028" s1="1.00028" s2="-0.666851" q0="-0.993457" q1="-0.0320759" q2="0.0762669" r0="0.986309" r1="0.0757403" r2="-0.146485" r3="0" r4="0.0517238" r5="-0.985547" r6="-0.161313" r7="0" r8="-0.156586" r9="0.151528" r10="-0.975971" r11="0" r12="0" r13="0" r14="0" r15="1" id="64" color_r="0.498039" color_g="0.45098" color_b="0.423529" type_file="Data/Objects/Environment/Rocks/coast_rock_large.xml">
        <parameters />
    </EnvObject>
    <EnvObject t0="-30.6052" t1="158.987" t2="172.814" s0="1.00028" s1="1.00028" s2="-0.666851" q0="0.256164" q1="0.301001" q2="-0.887461" r0="-0.756377" r1="-0.266529" r2="-0.597374" r3="0" r4="0.574951" r5="-0.706414" r6="-0.412807" r7="0" r8="-0.311968" r9="-0.655699" r10="0.687557" r11="0" r12="0" r13="0" r14="0" r15="1" id="65" color_r="0.498039" color_g="0.45098" color_b="0.423529" type_file="Data/Objects/Environment/Rocks/coast_rock_large.xml">
        <parameters />
    </EnvObject>
    <EnvObject t0="-23.5053" t1="167.365" t2="192.14" s0="0.81725" s1="0.81725" s2="-0.544833" q0="-0.400191" q1="0.289741" q2="0.845478" r0="-0.597566" r1="0.110757" r2="-0.794133" r3="0" r4="-0.574564" r5="-0.749972" r6="0.327747" r7="0" r8="-0.559277" r9="0.652131" r10="0.511795" r11="0" r12="0" r13="0" r14="0" r15="1" id="66" color_r="0.498039" color_g="0.45098" color_b="0.423529" type_file="Data/Objects/Environment/Rocks/coast_rock_large.xml">
        <parameters />
    </EnvObject>
    <EnvObject t0="-39.5246" t1="168.54" t2="187.182" s0="0.81725" s1="0.81725" s2="-0.544833" q0="0.079373" q1="-0.972628" q2="-0.111362" r0="-0.916813" r1="-0.196243" r2="0.347767" r3="0" r4="-0.112559" r5="0.962597" r6="0.24645" r7="0" r8="-0.383123" r9="0.186805" r10="-0.904611" r11="0" r12="0" r13="0" r14="0" r15="1" id="67" color_r="0.498039" color_g="0.45098" color_b="0.423529" type_file="Data/Objects/Environment/Rocks/coast_rock_large.xml">
        <parameters />
    </EnvObject>
    <EnvObject t0="-45.74" t1="166.472" t2="192.601" s0="0.875791" s1="0.875791" s2="-0.583861" q0="-0.609706" q1="-0.287045" q2="-0.73714" r0="-0.25154" r1="0.276484" r2="0.927515" r3="0" r4="0.423569" r5="-0.830234" r6="0.362356" r7="0" r8="0.87024" r9="0.484013" r10="0.0917276" r11="0" r12="0" r13="0" r14="0" r15="1" id="68" color_r="0.498039" color_g="0.45098" color_b="0.423529" type_file="Data/Objects/Environment/Rocks/coast_rock_large.xml">
        <parameters />
    </EnvObject>
    <EnvObject t0="-43.2694" t1="163.782" t2="211.179" s0="0.875791" s1="0.875791" s2="-0.583861" q0="-0.560148" q1="-0.445349" q2="-0.580703" r0="-0.0711035" r1="0.04809" r2="0.996309" r3="0" r4="0.949755" r5="-0.301964" r6="0.0823564" r7="0" r8="0.30481" r9="0.952106" r10="-0.0242031" r11="0" r12="0" r13="0" r14="0" r15="1" id="69" color_r="0.498039" color_g="0.45098" color_b="0.423529" type_file="Data/Objects/Environment/Rocks/coast_rock_large.xml">
        <parameters />
    </EnvObject>
    <EnvObject t0="-20.4825" t1="141.714" t2="174.745" s0="1.7067" s1="1.7067" s2="1.7067" q0="0" q1="0" q2="0" r0="1" r1="0" r2="0" r3="0" r4="0" r5="1" r6="0" r7="0" r8="0" r9="0" r10="1" r11="0" r12="0" r13="0" r14="0" r15="1" id="70" color_r="0.643137" color_g="0.501961" color_b="0.435294" type_file="Data/Objects/Environment/Rocks/strata_rocks/strata_rock_block.xml">
        <parameters />
    </EnvObject>
    <EnvObject t0="-19.3206" t1="148.193" t2="175.927" s0="1.27813" s1="1.27813" s2="1.27813" q0="1" q1="-0" q2="-0" r0="1" r1="-0" r2="0" r3="0" r4="0" r5="-1" r6="0" r7="0" r8="-0" r9="0" r10="-1" r11="0" r12="0" r13="0" r14="0" r15="1" id="71" color_r="0.643137" color_g="0.501961" color_b="0.435294" type_file="Data/Objects/Environment/Rocks/strata_rocks/strata_rock_block.xml">
        <parameters />
    </EnvObject>
    <EnvObject t0="-19.1067" t1="137.562" t2="185.209" s0="1.59556" s1="1.59556" s2="1.59556" q0="0.152388" q1="0.0377011" q2="0.985353" r0="-0.944684" r1="0.142746" r2="0.29529" r3="0" r4="-0.119765" r5="-0.988285" r6="0.0945969" r7="0" r8="0.305334" r9="0.0539987" r10="0.950713" r11="0" r12="0" r13="0" r14="0" r15="1" id="72" color_r="0.643137" color_g="0.501961" color_b="0.435294" type_file="Data/Objects/Environment/Rocks/strata_rocks/strata_rock_block.xml">
        <parameters />
    </EnvObject>
    <EnvObject t0="-7.04747" t1="139.784" t2="232.848" s0="1.59466" s1="1.59466" s2="1.59466" q0="-0.912565" q1="0.0419274" q2="-0.404819" r0="0.668727" r1="-0.108795" r2="0.735505" r3="0" r4="-0.0442514" r5="-0.993307" r6="-0.106694" r7="0" r8="0.74219" r9="0.0388023" r10="-0.669066" r11="0" r12="0" r13="0" r14="0" r15="1" id="73" color_r="0.643137" color_g="0.501961" color_b="0.435294" type_file="Data/Objects/Environment/Rocks/strata_rocks/strata_rock_block.xml">
        <parameters />
    </EnvObject>
    <EnvObject t0="-1.2425" t1="137.391" t2="218.231" s0="1.00026" s1="1.00026" s2="1.00026" q0="0" q1="-0.196579" q2="0" r0="0.922713" r1="0" r2="0.385487" r3="0" r4="-0" r5="1" r6="0" r7="0" r8="-0.385487" r9="-0" r10="0.922713" r11="0" r12="0" r13="0" r14="0" r15="1" id="74" color_r="0.643137" color_g="0.501961" color_b="0.435294" type_file="Data/Objects/Environment/Rocks/strata_rocks/strata_rock_block_dirty.xml">
        <parameters />
    </EnvObject>
    <EnvObject t0="1.6399" t1="142.226" t2="216.145" s0="0.786117" s1="0.786117" s2="0.786117" q0="-0.063888" q1="5.96046e-008" q2="-0.997957" r0="-0.991836" r1="-0.000844008" r2="0.127515" r3="0" r4="0.000843992" r5="-1" r6="-5.41508e-005" r7="0" r8="0.127515" r9="5.39129e-005" r10="0.991837" r11="0" r12="0" r13="0" r14="0" r15="1" id="75" color_r="0.643137" color_g="0.501961" color_b="0.435294" type_file="Data/Objects/Environment/Rocks/strata_rocks/strata_rock_block_dirty.xml">
        <parameters />
    </EnvObject>
    <EnvObject t0="-0.393936" t1="138.759" t2="210.265" s0="1.19752" s1="1.19752" s2="1.19752" q0="-0.874403" q1="-5.96046e-008" q2="0.4852" r0="0.529162" r1="0.000580423" r2="-0.848521" r3="0" r4="-0.000580214" r5="-0.999999" r6="-0.00104588" r7="0" r8="-0.848521" r9="0.00104576" r10="-0.529161" r11="0" r12="0" r13="0" r14="0" r15="1" id="76" color_r="0.643137" color_g="0.501961" color_b="0.435294" type_file="Data/Objects/Environment/Rocks/strata_rocks/strata_rock_block_dirty.xml">
        <parameters />
    </EnvObject>
    <EnvObject t0="-30.1251" t1="133.006" t2="224.814" s0="0.422243" s1="0.422243" s2="0.422243" q0="-0.874403" q1="-5.96046e-008" q2="0.4852" r0="0.529162" r1="0.000580423" r2="-0.848521" r3="0" r4="-0.000580214" r5="-0.999999" r6="-0.00104588" r7="0" r8="-0.848521" r9="0.00104576" r10="-0.529161" r11="0" r12="0" r13="0" r14="0" r15="1" id="77" color_r="0.643137" color_g="0.501961" color_b="0.435294" type_file="Data/Objects/Environment/Rocks/strata_rocks/strata_rock_block_dirty.xml">
        <parameters />
    </EnvObject>
    <EnvObject t0="-27.8578" t1="133.462" t2="224.684" s0="0.563311" s1="0.563312" s2="0.471357" q0="5.96046e-008" q1="-0.71903" q2="-5.96046e-008" r0="-0.0340084" r1="-1.68563e-007" r2="0.999422" r3="0" r4="-2.8671e-009" r5="1" r6="1.68563e-007" r7="0" r8="-0.999422" r9="2.8671e-009" r10="-0.0340084" r11="0" r12="0" r13="0" r14="0" r15="1" id="78" color_r="0.643137" color_g="0.501961" color_b="0.435294" type_file="Data/Objects/Environment/Rocks/strata_rocks/strata_rock_block_dirty.xml">
        <parameters />
    </EnvObject>
    <Decal t0="-44.5037" t1="128.325" t2="226.019" s0="24.6542" s1="11.3768" s2="24.6542" q0="-0.00772858" q1="0.00115825" q2="-0.00191611" r0="0.99999" r1="-0.00385" r2="-0.00228681" r3="0" r4="0.00381419" r5="0.999873" r6="-0.0154611" r7="0" r8="0.00234604" r9="0.0154522" r10="0.999878" r11="0" r12="0" r13="0" r14="0" r15="1" id="79" type_file="Data/Objects/Decals/DarkStonyDirt.xml" color_r="0.619608" color_g="0.462745" color_b="0.411765">
        <parameters />
    </Decal>
    <Decal t0="-55.5723" t1="128.751" t2="192.471" s0="20.8214" s1="10.3511" s2="20.8214" q0="0.00893885" q1="-0.255505" q2="-0.00246638" r0="0.869422" r1="-0.00933665" r2="0.493982" r3="0" r4="0.000200969" r5="0.999828" r6="0.0185438" r7="0" r8="-0.49407" r9="-0.0160232" r10="0.869275" r11="0" r12="0" r13="0" r14="0" r15="1" id="80" type_file="Data/Objects/Decals/DarkStonyDirt.xml" color_r="0.619608" color_g="0.462745" color_b="0.411765">
        <parameters />
    </Decal>
    <Decal t0="-42.6709" t1="128.962" t2="180.973" s0="20.8214" s1="11.2223" s2="20.8214" q0="-2.98023e-008" q1="0.873228" q2="-5.96046e-008" r0="-0.525054" r1="-1.1014e-007" r2="-0.851069" r3="0" r4="6.04365e-009" r5="1" r6="-1.33143e-007" r7="0" r8="0.851069" r9="-7.50508e-008" r10="-0.525054" r11="0" r12="0" r13="0" r14="0" r15="1" id="81" type_file="Data/Objects/Decals/DarkStonyDirt.xml" color_r="0.619608" color_g="0.462745" color_b="0.411765">
        <parameters />
    </Decal>
    <Decal t0="-36.1379" t1="130.535" t2="202.524" s0="10.6899" s1="1.11882" s2="10.6899" q0="0" q1="0" q2="0" r0="1" r1="0" r2="0" r3="0" r4="0" r5="1" r6="0" r7="0" r8="0" r9="0" r10="1" r11="0" r12="0" r13="0" r14="0" r15="1" id="82" type_file="Data/Objects/Decals/fall_leaves.xml" color_r="1" color_g="1" color_b="1">
        <parameters />
    </Decal>
    <EnvObject t0="-26.1519" t1="141.53" t2="179.108" s0="0.65127" s1="0.596938" s2="0.596938" q0="-1.49012e-008" q1="-0.986195" q2="0" r0="-0.945161" r1="2.9391e-008" r2="0.326604" r3="0" r4="2.9391e-008" r5="1" r6="-4.93492e-009" r7="0" r8="-0.326604" r9="4.93492e-009" r10="-0.945161" r11="0" r12="0" r13="0" r14="0" r15="1" id="83" color_r="0.643137" color_g="0.501961" color_b="0.435294" type_file="Data/Objects/Environment/Rocks/strata_rocks/strata_rock_block.xml">
        <parameters />
    </EnvObject>
    <EnvObject t0="-42.8152" t1="132.329" t2="158.505" s0="0.862672" s1="0.862672" s2="0.862672" q0="-0.766549" q1="-0.0629032" q2="0.638312" r0="0.177202" r1="0.13688" r2="-0.974609" r3="0" r4="0.0559933" r5="-0.990079" r6="-0.128872" r7="0" r8="-0.98258" r9="-0.0317352" r10="-0.183108" r11="0" r12="0" r13="0" r14="0" r15="1" id="84" color_r="0.498039" color_g="0.45098" color_b="0.423529" type_file="Data/Objects/Environment/Rocks/coast_rock_large.xml">
        <parameters />
    </EnvObject>
