<?xml version="2.0" ?>
<Type>saved</Type>
<Groups>
    <Group id="2" group_id="-1" t0="-28.382071" t1="158.385361" t2="138.882690" s0="1.000000" s1="1.000000" s2="1.000000" r0="1.000000" r1="0.000000" r2="0.000000" r3="0.000000" r4="0.000000" r5="1.000000" r6="0.000000" r7="0.000000" r8="0.000000" r9="0.000000" r10="1.000000" r11="0.000000" r12="0.000000" r13="0.000000" r14="0.000000" r15="1.000000" d0="3.540813" d1="5.429932" d2="3.380966" c0="0.120000" c1="0.600000" c2="0.360000">
        <EnvObject type_file="Data/Objects/Buildings/buttress/buttressbase.xml" id="-1163005939" group_id="2" t0="-28.024500" t1="156.284073" t2="138.240662" s0="1.000000" s1="1.000000" s2="1.000000" r0="1.000000" r1="0.000131" r2="-0.000078" r3="0.000000" r4="-0.000088" r5="0.912713" r6="0.408603" r7="0.000000" r8="0.000125" r9="-0.408603" r10="0.912713" r11="0.000000" r12="0.000000" r13="0.000000" r14="0.000000" r15="1.000000" />
        <EnvObject type_file="Data/Objects/Buildings/buttress/buttressbase.xml" id="-1163005939" group_id="2" t0="-29.104542" t1="156.785614" t2="140.023453" s0="1.000000" s1="1.000000" s2="1.000000" r0="0.999998" r1="0.000050" r2="0.001797" r3="0.000000" r4="0.000911" r5="0.847752" r6="-0.530393" r7="0.000000" r8="-0.001550" r9="0.530394" r10="0.847750" r11="0.000000" r12="0.000000" r13="0.000000" r14="0.000000" r15="1.000000" />
        <EnvObject type_file="Data/Objects/Environment/Furniture/longpillow.xml" id="-1163005939" group_id="2" t0="-29.138901" t1="156.911713" t2="139.451874" s0="0.479092" s1="0.760051" s2="0.454149" r0="0.014087" r1="0.780198" r2="-0.625374" r3="0.000000" r4="-0.999838" r5="0.017994" r6="-0.000073" r7="0.000000" r8="0.011197" r9="0.625274" r10="0.780325" r11="0.000000" r12="0.000000" r13="0.000000" r14="0.000000" r15="1.000000" />
        <EnvObject type_file="Data/Objects/Environment/Furniture/longpillow.xml" id="-1163005939" group_id="2" t0="-28.043087" t1="156.706833" t2="138.249481" s0="0.375186" s1="0.617462" s2="0.574210" r0="0.015547" r1="0.858560" r2="0.512477" r3="0.000000" r4="-0.999836" r5="0.018105" r6="0.000000" r7="0.000000" r8="-0.009278" r9="-0.512393" r10="0.858701" r11="0.000000" r12="0.000000" r13="0.000000" r14="0.000000" r15="1.000000" />
        <EnvObject type_file="Data/Objects/plants/trees/joshua/joshua_leaf.xml" id="-1163005939" group_id="2" t0="-28.382071" t1="157.321945" t2="138.817032" s0="1.004780" s1="1.004780" s2="1.004780" r0="-0.134336" r1="0.043809" r2="-0.989967" r3="0.000000" r4="-0.001128" r5="-0.999029" r6="-0.044057" r7="0.000000" r8="-0.990935" r9="-0.004801" r10="0.134255" r11="0.000000" r12="0.000000" r13="0.000000" r14="0.000000" r15="1.000000" />
        <EnvObject type_file="Data/Objects/gear/ratjunk/ratjunkbirdskull.xml" id="119" group_id="2" t0="-28.761375" t1="159.976303" t2="138.669708" s0="6.145480" s1="6.145480" s2="6.145480" r0="1.000000" r1="0.000000" r2="0.000000" r3="0.000000" r4="0.000000" r5="1.000000" r6="0.000000" r7="0.000000" r8="0.000000" r9="0.000000" r10="1.000000" r11="0.000000" r12="0.000000" r13="0.000000" r14="0.000000" r15="1.000000" />
        <EnvObject type_file="Data/Objects/weapons/dogweapons/rabbitcatcher.xml" id="120" group_id="2" t0="-28.753729" t1="159.737259" t2="138.632141" s0="2.747247" s1="0.985671" s2="1.238641" r0="1.000000" r1="0.000000" r2="0.000000" r3="0.000000" r4="0.000000" r5="1.000000" r6="0.000000" r7="0.000000" r8="0.000000" r9="0.000000" r10="1.000000" r11="0.000000" r12="0.000000" r13="0.000000" r14="0.000000" r15="1.000000" />
        <EnvObject type_file="Data/Objects/plants/groundcover/groundcover2.xml" id="121" group_id="2" t0="-28.743174" t1="160.384293" t2="138.382217" s0="1.000053" s1="1.000053" s2="1.000053" r0="1.000000" r1="-0.000315" r2="0.000142" r3="0.000000" r4="0.000315" r5="1.000000" r6="0.000000" r7="0.000000" r8="-0.000142" r9="0.000000" r10="1.000000" r11="0.000000" r12="0.000000" r13="0.000000" r14="0.000000" r15="1.000000" />
        <EnvObject type_file="Data/Objects/testbackpack.xml" id="147" group_id="2" t0="-29.217113" t1="159.530182" t2="138.560089" s0="1.657196" s1="1.750668" s2="1.469186" r0="0.128365" r1="0.007785" r2="0.991697" r3="0.000000" r4="0.987545" r5="0.090736" r6="-0.128540" r7="0.000000" r8="-0.090983" r9="0.995844" r10="0.003959" r11="0.000000" r12="0.000000" r13="0.000000" r14="0.000000" r15="1.000000" />
        <EnvObject type_file="Data/Objects/testbackpack.xml" id="148" group_id="2" t0="-28.315519" t1="159.529419" t2="138.428238" s0="1.657196" s1="1.750668" s2="1.469186" r0="-0.044237" r1="-0.000271" r2="-0.999021" r3="0.000000" r4="-0.999017" r5="0.002909" r6="0.044236" r7="0.000000" r8="0.002894" r9="0.999995" r10="-0.000399" r11="0.000000" r12="0.000000" r13="0.000000" r14="0.000000" r15="1.000000" />
        <EnvObject type_file="Data/Objects/plants/trees/elm/elm_trunk.xml" id="149" group_id="2" t0="-28.858299" t1="159.019257" t2="138.518173" s0="0.351874" s1="0.070304" s2="0.241795" r0="0.986413" r1="0.005580" r2="0.164195" r3="0.000000" r4="-0.005778" r5="0.999983" r6="0.000727" r7="0.000000" r8="-0.164188" r9="-0.001665" r10="0.986428" r11="0.000000" r12="0.000000" r13="0.000000" r14="0.000000" r15="1.000000" />
        <EnvObject type_file="Data/Objects/environment/bones/doglegbone.xml" id="150" group_id="2" t0="-28.495018" t1="158.819046" t2="139.264969" s0="5.394733" s1="6.004152" s2="2.700888" r0="0.617947" r1="0.100671" r2="0.779748" r3="0.000000" r4="0.000000" r5="0.991769" r6="-0.128044" r7="0.000000" r8="-0.786220" r9="0.079124" r10="0.612860" r11="0.000000" r12="0.000000" r13="0.000000" r14="0.000000" r15="1.000000" />
        <EnvObject type_file="Data/Objects/environment/bones/doglegbone.xml" id="151" group_id="2" t0="-29.004286" t1="158.797546" t2="139.349716" s0="5.394733" s1="6.004152" s2="2.700888" r0="0.685486" r1="0.512951" r2="-0.516711" r3="0.000000" r4="-0.272462" r5="0.838843" r6="0.471283" r7="0.000000" r8="0.675184" r9="-0.182274" r10="0.714775" r11="0.000000" r12="0.000000" r13="0.000000" r14="0.000000" r15="1.000000" />
        <EnvObject type_file="Data/Objects/environment/bones/doglegbone.xml" id="152" group_id="2" t0="-29.334768" t1="159.062531" t2="138.859772" s0="5.394733" s1="6.004152" s2="2.700888" r0="1.000000" r1="0.000000" r2="0.000000" r3="0.000000" r4="0.000000" r5="0.696575" r6="0.717484" r7="0.000000" r8="0.000000" r9="-0.717484" r10="0.696575" r11="0.000000" r12="0.000000" r13="0.000000" r14="0.000000" r15="1.000000" />
        <EnvObject type_file="Data/Objects/environment/bones/doglegbone.xml" id="153" group_id="2" t0="-28.203016" t1="159.041077" t2="138.680695" s0="5.394733" s1="6.004152" s2="2.700888" r0="1.000000" r1="0.000000" r2="0.000000" r3="0.000000" r4="0.000000" r5="0.696575" r6="0.717484" r7="0.000000" r8="0.000000" r9="-0.717484" r10="0.696575" r11="0.000000" r12="0.000000" r13="0.000000" r14="0.000000" r15="1.000000" />
        <EnvObject type_file="Data/Objects/weapons/dogweapons/DogBroadSword.xml" id="154" group_id="2" t0="-28.912569" t1="159.777573" t2="139.734726" s0="2.479020" s1="2.479020" s2="2.479020" r0="0.404258" r1="0.248250" r2="-0.880311" r3="0.000000" r4="-0.132989" r5="0.968187" r6="0.211960" r7="0.000000" r8="0.904925" r9="0.031385" r10="0.424412" r11="0.000000" r12="0.000000" r13="0.000000" r14="0.000000" r15="1.000000" />
        <EnvObject type_file="Data/Objects/Buildings/ropeball1.xml" id="-1163005939" group_id="2" t0="-29.130728" t1="157.256149" t2="139.115005" s0="3.021947" s1="1.292566" s2="2.437861" r0="0.994158" r1="0.107939" r2="-0.000097" r3="0.000000" r4="-0.064646" r5="0.594696" r6="-0.801348" r7="0.000000" r8="-0.086439" r9="0.796672" r10="0.598199" r11="0.000000" r12="0.000000" r13="0.000000" r14="0.000000" r15="1.000000" />
        <EnvObject type_file="Data/Objects/environment/doggrave/doggraveplank2.xml" id="144" group_id="2" t0="-28.927864" t1="160.204895" t2="138.793030" s0="1.000053" s1="1.000053" s2="1.000053" r0="0.694041" r1="-0.719936" r2="0.000120" r3="0.000000" r4="0.719936" r5="0.694041" r6="-0.000085" r7="0.000000" r8="-0.000022" r9="0.000145" r10="1.000000" r11="0.000000" r12="0.000000" r13="0.000000" r14="0.000000" r15="1.000000" />
        <EnvObject type_file="Data/Objects/environment/doggrave/doggraveplank3.xml" id="145" group_id="2" t0="-28.581900" t1="160.191269" t2="138.791306" s0="1.000053" s1="1.000053" s2="1.000053" r0="0.711789" r1="0.702378" r2="0.004723" r3="0.000000" r4="-0.702392" r5="0.711756" r6="0.006917" r7="0.000000" r8="0.001497" r9="-0.008241" r10="0.999965" r11="0.000000" r12="0.000000" r13="0.000000" r14="0.000000" r15="1.000000" />
        <EnvObject type_file="Data/Objects/environment/doggrave/doggraveplank1.xml" id="146" group_id="2" t0="-28.746702" t1="160.204376" t2="138.793701" s0="1.094930" s1="0.243139" s2="0.999637" r0="1.000000" r1="0.000000" r2="0.000000" r3="0.000000" r4="0.000000" r5="1.000000" r6="0.000000" r7="0.000000" r8="0.000000" r9="0.000000" r10="1.000000" r11="0.000000" r12="0.000000" r13="0.000000" r14="0.000000" r15="1.000000" />
        <EnvObject type_file="Data/Objects/Buildings/ropeball1.xml" id="-1163005939" group_id="2" t0="-28.689930" t1="158.582535" t2="138.531067" s0="4.975253" s1="1.991295" s2="2.906340" r0="0.994175" r1="0.107773" r2="0.000000" r3="0.000000" r4="-0.107773" r5="0.994175" r6="0.000000" r7="0.000000" r8="0.000000" r9="0.000000" r10="1.000000" r11="0.000000" r12="0.000000" r13="0.000000" r14="0.000000" r15="1.000000" />
        <EnvObject type_file="Data/Objects/Buildings/ropeball1.xml" id="-1163005939" group_id="2" t0="-28.085199" t1="157.017242" t2="138.429489" s0="3.021947" s1="1.292566" s2="2.437861" r0="0.994188" r1="0.107660" r2="-0.000080" r3="0.000000" r4="-0.097883" r5="0.904216" r6="0.415706" r7="0.000000" r8="0.044828" r9="-0.413282" r10="0.909499" r11="0.000000" r12="0.000000" r13="0.000000" r14="0.000000" r15="1.000000" />
    </Group>
</Groups>
<EnvObjects />
