<?xml version="2.0" ?>
<Type>saved</Type>
<Name></Name>
<Description></Description>
<Shader>post</Shader>
<Terrain>
    <Heightmap>Data/Textures/Terrain/red_desert/red_desert_hm.png</Heightmap>
    <DetailMap></DetailMap>
    <ColorMap>Data/Textures/Terrain/red_desert/red_desert_c.tga</ColorMap>
    <WeightMap>Data/Textures/Terrain/red_desert/red_desert_w.png</WeightMap>
    <DetailMaps>
        <DetailMap colorpath="Data/Textures/Terrain/DetailTextures/pebbles.tga" normalpath="Data/Textures/Terrain/DetailTextures/pebbles_normal.tga" materialpath="Data/Materials/rocks.xml" />
        <DetailMap colorpath="Data/Textures/Terrain/DetailTextures/pebbly_sand.tga" normalpath="Data/Textures/Terrain/DetailTextures/pebbly_sand_normal.tga" materialpath="Data/Materials/gravel.xml" />
        <DetailMap colorpath="Data/Textures/Terrain/DetailTextures/sandwaves.tga" normalpath="Data/Textures/Terrain/DetailTextures/sandwaves_normal.tga" materialpath="Data/Materials/sand.xml" />
        <DetailMap colorpath="Data/Textures/Terrain/DetailTextures/rubble.tga" normalpath="Data/Textures/Terrain/DetailTextures/rubble_normal.tga" materialpath="Data/Materials/rock.xml" />
    </DetailMaps>
    <DetailObjects />
</Terrain>
<OutOfDate NavMesh="true" />
<AmbientSounds />
<Script>challengelevel.as</Script>
<LevelScriptParameters>
    <parameter name="Achievements" type="string" val="flawless, no_injuries, no_kills" />
    <parameter name="Extra AO" type="string" val="0" />
    <parameter name="HDR Black point" type="string" val="0.005" />
    <parameter name="HDR Bloom multiplier" type="string" val="1" />
    <parameter name="HDR White point" type="string" val="0.8" />
    <parameter name="Level Boundaries" type="string" val="1" />
    <parameter name="Objectives" type="string" val="destroy_all" />
    <parameter name="Sky Rotation" type="string" val="0" />
</LevelScriptParameters>
<Sky>
    <DomeTexture>Data/Textures/skies/bright_dusk.tga</DomeTexture>
    <SunAngularRad>0.153056</SunAngularRad>
    <SunColorAngle>353.589</SunColorAngle>
    <RayToSun r0="0.849746" r1="0.499721" r2="0.167961" />
</Sky>
<ActorObjects>
    <CameraObject t0="19.8765" t1="19.0882" t2="-161.32" s0="1" s1="1" s2="1" q0="0.00678801" q1="0.983402" q2="-0.177362" r0="-0.997075" r1="1.95578e-008" r2="-0.0764319" r3="0" r4="0.0267014" r5="0.936993" r6="-0.348326" r7="0" r8="0.0716162" r9="-0.349348" r10="-0.934253" r11="0" r12="0" r13="0" r14="0" r15="1" id="10">
        <parameters />
    </CameraObject>
    <EnvObject t0="37.0988" t1="6.95806" t2="-55.4615" s0="4.30052" s1="4.30052" s2="4.30052" q0="0" q1="0" q2="0" r0="1" r1="0" r2="0" r3="0" r4="0" r5="1" r6="0" r7="0" r8="0" r9="0" r10="1" r11="0" r12="0" r13="0" r14="0" r15="1" id="1" color_r="0.619608" color_g="0.470588" color_b="0.321569" type_file="Data/Objects/Environment/Rocks/strata_rocks/strata_rock_pillar.xml">
        <parameters />
    </EnvObject>
    <EnvObject t0="19.9475" t1="31.8029" t2="-101.569" s0="0.661637" s1="0.717289" s2="0.939158" q0="-1.19209e-007" q1="-0.598816" q2="5.96047e-008" r0="0.282839" r1="2.38242e-007" r2="0.959167" r3="0" r4="4.72953e-008" r5="1" r6="-2.6233e-007" r7="0" r8="-0.959167" r9="1.19561e-007" r10="0.282839" r11="0" r12="0" r13="0" r14="0" r15="1" id="2" color_r="0.619608" color_g="0.470588" color_b="0.321569" type_file="Data/Objects/Environment/Rocks/strata_rocks/strata_rock_block.xml">
        <parameters />
    </EnvObject>
    <EnvObject t0="31.9372" t1="14.7382" t2="-157.348" s0="1.00778" s1="0.664948" s2="0.703241" q0="-0.0582506" q1="-0.616533" q2="0.0852622" r0="0.225235" r1="0.204926" r2="0.95251" r3="0" r4="-0.0612723" r5="0.978674" r6="-0.196066" r7="0" r8="-0.972376" r9="-0.0142014" r10="0.232988" r11="0" r12="0" r13="0" r14="0" r15="1" id="3" color_r="0.501961" color_g="0.4" color_b="0.286275" type_file="Data/Objects/Environment/Rocks/strata_rocks/strata_rock_slope.xml">
        <parameters />
    </EnvObject>
    <EnvObject t0="36.7624" t1="7.2519" t2="-150.9" s0="1.61361" s1="2.14441" s2="1.1039" q0="-0.113051" q1="0.773525" q2="0.182189" r0="-0.263068" r1="0.0424173" r2="-0.963845" r3="0" r4="-0.392208" r5="0.908053" r6="0.14701" r7="0" r8="0.881458" r9="0.416701" r10="-0.222243" r11="0" r12="0" r13="0" r14="0" r15="1" id="4" color_r="0.619608" color_g="0.470588" color_b="0.321569" type_file="Data/Objects/Environment/Rocks/strata_rocks/strata_rock_block.xml">
        <parameters />
    </EnvObject>
    <NavmeshConnectionObject t0="-8.85751" t1="30.8108" t2="-92.6743" s0="1" s1="1" s2="1" q0="0" q1="0" q2="0" r0="1" r1="0" r2="0" r3="0" r4="0" r5="1" r6="0" r7="0" r8="0" r9="0" r10="1" r11="0" r12="0" r13="0" r14="0" r15="1" id="5" type_file="">
        <parameters />
        <NavMeshConnections>
            <NavMeshConnection other_object_id="6" offmesh_connection_id="1000" poly_area="10" />
        </NavMeshConnections>
    </NavmeshConnectionObject>
    <NavmeshConnectionObject t0="-3.41613" t1="30.7814" t2="-113.066" s0="1" s1="1" s2="1" q0="0" q1="0" q2="0" r0="1" r1="0" r2="0" r3="0" r4="0" r5="1" r6="0" r7="0" r8="0" r9="0" r10="1" r11="0" r12="0" r13="0" r14="0" r15="1" id="6" type_file="">
        <parameters />
        <NavMeshConnections>
            <NavMeshConnection other_object_id="5" offmesh_connection_id="1000" poly_area="10" />
        </NavMeshConnections>
    </NavmeshConnectionObject>
    <EnvObject t0="4.28223" t1="33.6004" t2="-115.438" s0="1.16719" s1="0.41285" s2="0.452079" q0="-0.0256659" q1="-0.977358" q2="0.103759" r0="-0.931989" r1="0.0880646" r2="0.351626" r3="0" r4="0.0122745" r5="0.977151" r6="-0.212193" r7="0" r8="-0.362278" r9="-0.193446" r10="-0.911775" r11="0" r12="0" r13="0" r14="0" r15="1" id="7" color_r="0.619608" color_g="0.470588" color_b="0.321569" type_file="Data/Objects/Environment/Rocks/strata_rocks/strata_rock_slope.xml">
        <parameters />
    </EnvObject>
    <EnvObject t0="32.4997" t1="15.4116" t2="-60.7656" s0="3.6969" s1="3.6969" s2="3.6969" q0="0.00502849" q1="0.918702" q2="0.00173736" r0="-0.688033" r1="0.0106116" r2="-0.725602" r3="0" r4="0.00786715" r5="0.999943" r6="0.00716389" r7="0" r8="0.725637" r9="-0.000779425" r10="-0.688077" r11="0" r12="0" r13="0" r14="0" r15="1" id="8" color_r="0.356863" color_g="0.278431" color_b="0.207843" type_file="Data/Objects/Environment/Rocks/strata_rocks/strata_rock_pillar.xml">
        <parameters />
    </EnvObject>
    <EnvObject t0="35.7586" t1="26.2344" t2="-56.0842" s0="2.80084" s1="1.71282" s2="2.80083" q0="0.00502849" q1="0.918702" q2="0.00173736" r0="-0.688033" r1="0.0106116" r2="-0.725602" r3="0" r4="0.00786715" r5="0.999943" r6="0.00716389" r7="0" r8="0.725637" r9="-0.000779425" r10="-0.688077" r11="0" r12="0" r13="0" r14="0" r15="1" id="9" color_r="0.619608" color_g="0.470588" color_b="0.321569" type_file="Data/Objects/Environment/Rocks/strata_rocks/strata_rock_pillar.xml">
        <parameters />
    </EnvObject>
    <EnvObject t0="5.07817" t1="26.4491" t2="-104.51" s0="3.07247" s1="1.17263" s2="1.48164" q0="2.98023e-008" q1="0.937939" q2="-1.49012e-007" r0="-0.759459" r1="-4.74493e-008" r2="-0.650555" r3="0" r4="1.5926e-007" r5="1" r6="-2.58857e-007" r7="0" r8="0.650555" r9="-3.00199e-007" r10="-0.759459" r11="0" r12="0" r13="0" r14="0" r15="1" id="11" color_r="0.619608" color_g="0.470588" color_b="0.321569" type_file="Data/Objects/Environment/Rocks/strata_rocks/strata_rock_block.xml">
        <parameters />
    </EnvObject>
    <EnvObject t0="42.7158" t1="-2.23196" t2="-62.108" s0="1.69519" s1="1.69519" s2="1.69519" q0="-1.19209e-007" q1="-0.866025" q2="1.19209e-007" r0="-0.499998" r1="3.25685e-007" r2="0.866026" r3="0" r4="8.72667e-008" r5="1" r6="-3.25685e-007" r7="0" r8="-0.866026" r9="-8.72667e-008" r10="-0.499998" r11="0" r12="0" r13="0" r14="0" r15="1" id="12" color_r="0.619608" color_g="0.470588" color_b="0.321569" type_file="Data/Objects/Environment/Rocks/strata_rocks/strata_rock_block.xml">
        <parameters />
    </EnvObject>
    <EnvObject t0="34.1608" t1="30.4791" t2="-58.2476" s0="1.96268" s1="1.44381" s2="1.44381" q0="-5.96046e-008" q1="-0.5" q2="0" r0="0.5" r1="5.96046e-008" r2="0.866025" r3="0" r4="5.96046e-008" r5="1" r6="-1.03238e-007" r7="0" r8="-0.866025" r9="1.03238e-007" r10="0.5" r11="0" r12="0" r13="0" r14="0" r15="1" id="13" color_r="0.619608" color_g="0.470588" color_b="0.321569" type_file="Data/Objects/Environment/Rocks/strata_rocks/strata_rock_block.xml">
        <parameters />
    </EnvObject>
    <ActorObject t0="35.7019" t1="39.1246" t2="-59.3639" s0="1" s1="1" s2="1" q0="-5.96046e-008" q1="-0.5" q2="0" r0="0.5" r1="5.96046e-008" r2="0.866025" r3="0" r4="5.96046e-008" r5="1" r6="-1.03238e-007" r7="0" r8="-0.866025" r9="1.03238e-007" r10="0.5" r11="0" r12="0" r13="0" r14="0" r15="1" id="14" type_file="Data/Custom/timbles/therium-2/Objects/IGF_Characters/ghost.xml" is_player="1" is_dead="0">
        <parameters>
            <parameter name="Aggression" type="float" val="0.5" />
            <parameter name="Attack Damage" type="float" val="1" />
            <parameter name="Attack Knockback" type="float" val="1" />
            <parameter name="Attack Speed" type="float" val="1" />
            <parameter name="Block Follow-up" type="float" val="0.5" />
            <parameter name="Block Skill" type="float" val="0.5" />
            <parameter name="Character Scale" type="float" val="1" />
            <parameter name="Damage Resistance" type="float" val="1" />
            <parameter name="Ear Size" type="float" val="1" />
            <parameter name="Fat" type="float" val="0.5" />
            <parameter name="Ground Aggression" type="float" val="0.5" />
            <parameter name="Left handed" type="int" val="0" />
            <parameter name="Lives" type="int" val="1" />
            <parameter name="Movement Speed" type="float" val="1" />
            <parameter name="Muscle" type="float" val="0.5" />
            <parameter name="Static" type="int" val="0" />
            <parameter name="Teams" type="string" val="player, Ghost" />
        </parameters>
        <Connections>
            <Connection id="-1" />
        </Connections>
        <ItemConnections />
        <Palette />
    </ActorObject>
    <EnvObject t0="5.07929" t1="10.7837" t2="-48.5202" s0="4.30052" s1="4.30052" s2="4.30052" q0="-0.00556296" q1="-0.707067" q2="-0.00506562" r0="6.1153e-005" r1="0.000702905" r2="1" r3="0" r4="0.0150306" r5="0.999887" r6="-0.000703745" r7="0" r8="-0.999887" r9="0.0150307" r10="5.06043e-005" r11="0" r12="0" r13="0" r14="0" r15="1" id="36" color_r="0.619608" color_g="0.470588" color_b="0.321569" type_file="Data/Objects/Environment/Rocks/strata_rocks/strata_rock_pillar.xml">
        <parameters />
    </EnvObject>
    <EnvObject t0="0.480164" t1="19.2373" t2="-53.8244" s0="3.6969" s1="3.6969" s2="3.6969" q0="0.00478417" q1="0.370371" q2="-0.00232715" r0="0.72564" r1="-0.000779397" r2="-0.688074" r3="0" r4="0.00786707" r5="0.999943" r6="0.00716391" r7="0" r8="0.68803" r9="-0.0106115" r10="0.725605" r11="0" r12="0" r13="0" r14="0" r15="1" id="37" color_r="0.619608" color_g="0.470588" color_b="0.321569" type_file="Data/Objects/Environment/Rocks/strata_rocks/strata_rock_pillar.xml">
        <parameters />
    </EnvObject>
    <EnvObject t0="3.32659" t1="26.6111" t2="-52.4073" s0="3.5315" s1="2.50486" s2="3.92318" q0="0.00478417" q1="0.370371" q2="-0.00232715" r0="0.72564" r1="-0.000779397" r2="-0.688074" r3="0" r4="0.00786707" r5="0.999943" r6="0.00716391" r7="0" r8="0.68803" r9="-0.0106115" r10="0.725605" r11="0" r12="0" r13="0" r14="0" r15="1" id="38" color_r="0.619608" color_g="0.470588" color_b="0.321569" type_file="Data/Objects/Environment/Rocks/strata_rocks/strata_rock_pillar.xml">
        <parameters />
    </EnvObject>
    <EnvObject t0="-5.50824" t1="3.64839" t2="-52.6945" s0="2.29085" s1="2.29085" s2="2.29085" q0="-0.0073505" q1="-0.965891" q2="-0.00160551" r0="-0.865896" r1="0.0133684" r2="0.500046" r3="0" r4="0.0150307" r5="0.999887" r6="-0.000703708" r7="0" r8="-0.499998" r9="0.0069067" r10="-0.865999" r11="0" r12="0" r13="0" r14="0" r15="1" id="39" color_r="0.619608" color_g="0.470588" color_b="0.321569" type_file="Data/Objects/Environment/Rocks/strata_rocks/strata_rock_block.xml">
        <parameters />
    </EnvObject>
    <EnvObject t0="10.6984" t1="1.58662" t2="-55.164" s0="1.69519" s1="1.69519" s2="1.69519" q0="0.00716862" q1="0.965906" q2="-0.00228482" r0="-0.865959" r1="0.0126659" r2="-0.499954" r3="0" r4="0.015031" r5="0.999887" r6="-0.000703601" r7="0" r8="0.499888" r9="-0.00812408" r10="-0.866052" r11="0" r12="0" r13="0" r14="0" r15="1" id="40" color_r="0.619608" color_g="0.470588" color_b="0.321569" type_file="Data/Objects/Environment/Rocks/strata_rocks/strata_rock_block.xml">
        <parameters />
    </EnvObject>
    <EnvObject t0="-7.90525" t1="35.48" t2="-56.0854" s0="1.84599" s1="1.45211" s2="1.84599" q0="0" q1="0.119337" q2="0" r0="0.971517" r1="0" r2="-0.236968" r3="0" r4="0" r5="1" r6="0" r7="0" r8="0.236968" r9="0" r10="0.971517" r11="0" r12="0" r13="0" r14="0" r15="1" id="41" color_r="0.619608" color_g="0.470588" color_b="0.321569" type_file="Data/Objects/Environment/Rocks/strata_rocks/strata_rock_capital.xml">
        <parameters />
    </EnvObject>
    <PathPointObject t0="14.6236" t1="39.4745" t2="-111.075" s0="1" s1="1" s2="1" q0="0" q1="0" q2="0" r0="1" r1="0" r2="0" r3="0" r4="0" r5="1" r6="0" r7="0" r8="0" r9="0" r10="1" r11="0" r12="0" r13="0" r14="0" r15="1" id="42" type_file="">
        <parameters>
            <parameter name="Type" type="string" val="Stand" />
            <parameter name="Wait" type="float" val="0" />
        </parameters>
        <Connections>
            <Connection id="527" />
            <Connection id="529" />
        </Connections>
    </PathPointObject>
    <EnvObject t0="3.89591" t1="35.9853" t2="-110.295" s0="-1.14568" s1="0.514324" s2="0.689058" q0="-0" q1="0.963955" q2="-5.96047e-008" r0="-0.858418" r1="-3.17175e-008" r2="-0.51295" r3="0" r4="3.17175e-008" r5="1" r6="-1.14912e-007" r7="0" r8="0.51295" r9="-1.14912e-007" r10="-0.858418" r11="0" r12="0" r13="0" r14="0" r15="1" id="43" color_r="0.619608" color_g="0.470588" color_b="0.321569" type_file="Data/Objects/Environment/Rocks/strata_rocks/strata_rock_slope.xml">
        <parameters />
    </EnvObject>
    <EnvObject t0="6.64916" t1="33.0743" t2="-109.715" s0="0.664542" s1="0.864651" s2="0.622861" q0="-1.19209e-007" q1="-0.897144" q2="8.9407e-008" r0="-0.609735" r1="2.92884e-007" r2="0.792606" r3="0" r4="1.34906e-007" r5="1" r6="-2.6574e-007" r7="0" r8="-0.792606" r9="-5.51036e-008" r10="-0.609735" r11="0" r12="0" r13="0" r14="0" r15="1" id="44" color_r="0.619608" color_g="0.470588" color_b="0.321569" type_file="Data/Objects/Environment/Rocks/strata_rocks/strata_rock_block.xml">
        <parameters />
    </EnvObject>
    <EnvObject t0="5.24448" t1="38.4636" t2="-104.011" s0="-1.38729" s1="0.859948" s2="0.862893" q0="-2.98023e-008" q1="-0.950797" q2="2.98023e-008" r0="-0.80803" r1="7.51382e-008" r2="0.589141" r3="0" r4="3.82055e-008" r5="1" r6="-7.51382e-008" r7="0" r8="-0.589141" r9="-3.82055e-008" r10="-0.80803" r11="0" r12="0" r13="0" r14="0" r15="1" id="45" color_r="0.619608" color_g="0.470588" color_b="0.321569" type_file="Data/Objects/Environment/Rocks/strata_rocks/strata_rock_slope.xml">
        <parameters />
    </EnvObject>
    <EnvObject t0="4.51992" t1="31.8282" t2="-107.575" s0="1.32936" s1="1.13134" s2="0.965994" q0="-1.19209e-007" q1="-0.897144" q2="8.9407e-008" r0="-0.609735" r1="2.92884e-007" r2="0.792606" r3="0" r4="1.34906e-007" r5="1" r6="-2.6574e-007" r7="0" r8="-0.792606" r9="-5.51036e-008" r10="-0.609735" r11="0" r12="0" r13="0" r14="0" r15="1" id="46" color_r="0.619608" color_g="0.470588" color_b="0.321569" type_file="Data/Objects/Environment/Rocks/strata_rocks/strata_rock_block.xml">
        <parameters />
    </EnvObject>
    <EnvObject t0="8.80334" t1="30.0044" t2="-113.091" s0="1.11351" s1="1.27413" s2="0.713236" q0="2.98023e-008" q1="0.948185" q2="-1.49012e-007" r0="-0.79811" r1="-3.81716e-008" r2="-0.602512" r3="0" r4="1.51204e-007" r5="1" r6="-2.63644e-007" r7="0" r8="0.602512" r9="-3.01519e-007" r10="-0.79811" r11="0" r12="0" r13="0" r14="0" r15="1" id="47" color_r="0.619608" color_g="0.470588" color_b="0.321569" type_file="Data/Objects/Environment/Rocks/strata_rocks/strata_rock_block.xml">
        <parameters />
    </EnvObject>
    <PathPointObject t0="-15.2281" t1="31.2282" t2="-93.2771" s0="1" s1="1" s2="1" q0="0" q1="0" q2="0" r0="1" r1="0" r2="0" r3="0" r4="0" r5="1" r6="0" r7="0" r8="0" r9="0" r10="1" r11="0" r12="0" r13="0" r14="0" r15="1" id="49" type_file="">
        <parameters>
            <parameter name="Type" type="string" val="Stand" />
            <parameter name="Wait" type="string" val="10" />
        </parameters>
        <Connections>
            <Connection id="51" />
        </Connections>
    </PathPointObject>
    <EnvObject t0="-17.4029" t1="31.1873" t2="-90.7893" s0="1.0157" s1="0.488719" s2="0.495683" q0="-0.0461758" q1="0.928866" q2="0.039179" r0="-0.728654" r1="-0.0571477" r2="-0.682494" r3="0" r4="-0.114417" r5="0.992666" r6="0.0390358" r7="0" r8="0.675257" r9="0.106532" r10="-0.729849" r11="0" r12="0" r13="0" r14="0" r15="1" id="50" color_r="0.619608" color_g="0.470588" color_b="0.321569" type_file="Data/Objects/Environment/Rocks/strata_rocks/strata_rock_slope.xml">
        <parameters />
    </EnvObject>
    <EnvObject t0="28.0661" t1="34.099" t2="-56.6119" s0="0.889265" s1="0.889265" s2="0.889265" q0="0.59474" q1="0.558851" q2="0.340097" r0="0.144039" r1="0.982549" r2="-0.117685" r3="0" r4="0.346935" r5="0.0612368" r6="0.935888" r7="0" r8="0.926763" r9="-0.175634" r10="-0.33206" r11="0" r12="0" r13="0" r14="0" r15="1" id="318" color_r="0.403922" color_g="0.47451" color_b="0.388235" type_file="Data/Objects/Buildings/post1.xml">
        <parameters />
    </EnvObject>
    <EnvObject t0="28.8687" t1="34.0272" t2="-55.7353" s0="1" s1="1" s2="1" q0="-0.0525306" q1="-0.552886" q2="-0.0114062" r0="0.388374" r1="0.0391179" r2="0.920671" r3="0" r4="0.0770559" r5="0.994221" r6="-0.074748" r7="0" r8="-0.918275" r9="0.0999733" r10="0.383115" r11="0" r12="0" r13="0" r14="0" r15="1" id="321" color_r="1.04" color_g="1.06667" color_b="1.13333" type_file="Data/Objects/environment/doggrave/doggravebase.xml">
        <parameters />
    </EnvObject>
    <EnvObject t0="28.1148" t1="33.8021" t2="-57.5139" s0="1" s1="1" s2="1" q0="-0.0452101" q1="-0.978924" q2="0.0290793" r0="-0.918275" r1="0.0999731" r2="0.383113" r3="0" r4="0.0770559" r5="0.994221" r6="-0.0747478" r7="0" r8="-0.388372" r9="-0.0391179" r10="-0.920672" r11="0" r12="0" r13="0" r14="0" r15="1" id="345" color_r="1.04" color_g="1.06667" color_b="1.13333" type_file="Data/Objects/environment/doggrave/doggravebase.xml">
        <parameters />
    </EnvObject>
    <EnvObject t0="-15.4276" t1="40.9658" t2="-41.3681" s0="1.67153" s1="2.03803" s2="1.39379" q0="-5.96046e-008" q1="-0.774086" q2="0" r0="-0.198418" r1="9.22782e-008" r2="0.980117" r3="0" r4="9.22782e-008" r5="1" r6="-7.5469e-008" r7="0" r8="-0.980117" r9="7.5469e-008" r10="-0.198418" r11="0" r12="0" r13="0" r14="0" r15="1" id="346" color_r="0.619608" color_g="0.470588" color_b="0.321569" type_file="Data/Objects/Environment/Rocks/strata_rocks/strata_rock_block.xml">
        <parameters />
    </EnvObject>
    <EnvObject t0="-12.2873" t1="40.2165" t2="-70.1159" s0="2.06688" s1="2.30775" s2="2.011" q0="-0" q1="0.811857" q2="-5.96046e-008" r0="-0.318223" r1="-6.9601e-008" r2="-0.948016" r3="0" r4="6.9601e-008" r5="1" r6="-9.67808e-008" r7="0" r8="0.948016" r9="-9.67808e-008" r10="-0.318223" r11="0" r12="0" r13="0" r14="0" r15="1" id="347" color_r="0.619608" color_g="0.470588" color_b="0.321569" type_file="Data/Objects/Environment/Rocks/strata_rocks/strata_rock_block.xml">
        <parameters />
    </EnvObject>
    <EnvObject t0="-23.1148" t1="29.9981" t2="-53.4689" s0="2.441" s1="2.07388" s2="3.04532" q0="0" q1="0.161221" q2="-5.96046e-008" r0="0.948016" r1="-1.1765e-007" r2="-0.318224" r3="0" r4="1.1765e-007" r5="1" r6="-1.9219e-008" r7="0" r8="0.318224" r9="-1.9219e-008" r10="0.948016" r11="0" r12="0" r13="0" r14="0" r15="1" id="348" color_r="0.619608" color_g="0.470588" color_b="0.321569" type_file="Data/Objects/Environment/Rocks/strata_rocks/strata_rock_block.xml">
        <parameters />
    </EnvObject>
    <EnvObject t0="-29.7236" t1="38.0701" t2="-53.4547" s0="1.2127" s1="1" s2="1.01425" q0="-2.98023e-008" q1="-0.965926" q2="0" r0="-0.866026" r1="5.75736e-008" r2="0.499999" r3="0" r4="5.75736e-008" r5="1" r6="-1.54268e-008" r7="0" r8="-0.499999" r9="1.54268e-008" r10="-0.866026" r11="0" r12="0" r13="0" r14="0" r15="1" id="349" color_r="0.619608" color_g="0.470588" color_b="0.321569" type_file="Data/Objects/Environment/Rocks/strata_rocks/strata_rock_slope.xml">
        <parameters />
    </EnvObject>
    <EnvObject t0="-25.2021" t1="38.6735" t2="-44.6422" s0="1.24581" s1="1.22755" s2="0.908382" q0="5.96046e-008" q1="0.995017" q2="-5.96046e-008" r0="-0.980118" r1="1.06729e-007" r2="-0.198417" r3="0" r4="1.30501e-007" r5="1" r6="-1.06729e-007" r7="0" r8="0.198417" r9="-1.30501e-007" r10="-0.980118" r11="0" r12="0" r13="0" r14="0" r15="1" id="350" color_r="0.619608" color_g="0.470588" color_b="0.321569" type_file="Data/Objects/Environment/Rocks/strata_rocks/strata_rock_block.xml">
        <parameters />
    </EnvObject>
    <EnvObject t0="-25.8514" t1="43.7771" t2="-41.8604" s0="-0.792415" s1="0.653432" s2="0.662742" q0="-5.96046e-008" q1="-0.707107" q2="0" r0="-5.96046e-007" r1="8.42937e-008" r2="1" r3="0" r4="8.42937e-008" r5="1" r6="-8.42936e-008" r7="0" r8="-1" r9="8.42936e-008" r10="-5.96046e-007" r11="0" r12="0" r13="0" r14="0" r15="1" id="351" color_r="0.619608" color_g="0.470588" color_b="0.321569" type_file="Data/Objects/Environment/Rocks/strata_rocks/strata_rock_slope.xml">
        <parameters />
    </EnvObject>
    <EnvObject t0="-30.574" t1="25.3613" t2="-79.6553" s0="3.37896" s1="2.05896" s2="2.67249" q0="-1.19209e-007" q1="-0.484078" q2="0" r0="0.531337" r1="1.15413e-007" r2="0.847161" r3="0" r4="1.15413e-007" r5="1" r6="-2.08622e-007" r7="0" r8="-0.847161" r9="2.08622e-007" r10="0.531337" r11="0" r12="0" r13="0" r14="0" r15="1" id="352" color_r="0.619608" color_g="0.470588" color_b="0.321569" type_file="Data/Objects/Environment/Rocks/strata_rocks/strata_rock_block.xml">
        <parameters />
    </EnvObject>
    <EnvObject t0="-28.6995" t1="33.7423" t2="-74.6563" s0="1.61474" s1="1" s2="1.01425" q0="-2.98023e-008" q1="-0.965926" q2="0" r0="-0.866026" r1="5.75736e-008" r2="0.499999" r3="0" r4="5.75736e-008" r5="1" r6="-1.54268e-008" r7="0" r8="-0.499999" r9="1.54268e-008" r10="-0.866026" r11="0" r12="0" r13="0" r14="0" r15="1" id="353" color_r="0.619608" color_g="0.470588" color_b="0.321569" type_file="Data/Objects/Environment/Rocks/strata_rocks/strata_rock_slope.xml">
        <parameters />
    </EnvObject>
    <EnvObject t0="-22.9477" t1="34.5039" t2="-77.426" s0="1.0973" s1="0.741962" s2="1.06764" q0="-5.96046e-008" q1="-0.961031" q2="5.96046e-008" r0="-0.847161" r1="1.47518e-007" r2="0.531336" r3="0" r4="8.16095e-008" r5="1" r6="-1.47518e-007" r7="0" r8="-0.531336" r9="-8.16095e-008" r10="-0.847161" r11="0" r12="0" r13="0" r14="0" r15="1" id="354" color_r="0.619608" color_g="0.470588" color_b="0.321569" type_file="Data/Objects/Environment/Rocks/strata_rocks/strata_rock_block.xml">
        <parameters />
    </EnvObject>
    <EnvObject t0="-11.83" t1="29.5217" t2="-85.34" s0="1.557" s1="2.06473" s2="1.69788" q0="-2.98023e-008" q1="-0.922246" q2="0" r0="-0.701075" r1="5.49701e-008" r2="0.713087" r3="0" r4="5.49701e-008" r5="1" r6="-2.30434e-008" r7="0" r8="-0.713087" r9="2.30434e-008" r10="-0.701075" r11="0" r12="0" r13="0" r14="0" r15="1" id="355" color_r="0.619608" color_g="0.470588" color_b="0.321569" type_file="Data/Objects/Environment/Rocks/strata_rocks/strata_rock_capital.xml">
        <parameters />
    </EnvObject>
    <EnvObject t0="5.36347" t1="33.8732" t2="-131.748" s0="1.06745" s1="1.40665" s2="1.03859" q0="-5.96046e-008" q1="-0.353838" q2="0" r0="0.749597" r1="4.21807e-008" r2="0.661894" r3="0" r4="4.21807e-008" r5="1" r6="-1.11497e-007" r7="0" r8="-0.661894" r9="1.11497e-007" r10="0.749597" r11="0" r12="0" r13="0" r14="0" r15="1" id="356" color_r="0.619608" color_g="0.470588" color_b="0.321569" type_file="Data/Objects/Environment/Rocks/strata_rocks/strata_rock_block.xml">
        <parameters />
    </EnvObject>
    <EnvObject t0="7.23916" t1="14.6201" t2="-160.46" s0="1.43211" s1="1.4594" s2="1.14799" q0="-2.98023e-008" q1="0.995541" q2="-5.96047e-008" r0="-0.982204" r1="-7.05838e-008" r2="-0.187819" r3="0" r4="-4.80938e-008" r5="1" r6="-1.243e-007" r7="0" r8="0.187819" r9="-1.13055e-007" r10="-0.982204" r11="0" r12="0" r13="0" r14="0" r15="1" id="357" color_r="0.619608" color_g="0.470588" color_b="0.321569" type_file="Data/Objects/Environment/Rocks/strata_rocks/strata_rock_capital.xml">
        <parameters />
    </EnvObject>
    <EnvObject t0="7.11366" t1="25.7949" t2="-121.142" s0="2.93424" s1="1.634" s2="2.76143" q0="-1.19209e-007" q1="-0.248261" q2="0" r0="0.876733" r1="5.91899e-008" r2="0.480978" r3="0" r4="5.91899e-008" r5="1" r6="-2.30954e-007" r7="0" r8="-0.480978" r9="2.30954e-007" r10="0.876733" r11="0" r12="0" r13="0" r14="0" r15="1" id="358" color_r="0.619608" color_g="0.470588" color_b="0.321569" type_file="Data/Objects/Environment/Rocks/strata_rocks/strata_rock_block.xml">
        <parameters />
    </EnvObject>
    <EnvObject t0="9.90647" t1="30.3102" t2="-105.658" s0="1.47671" s1="1.14125" s2="1.17941" q0="-1.19209e-007" q1="-0.897144" q2="8.9407e-008" r0="-0.609735" r1="2.92884e-007" r2="0.792606" r3="0" r4="1.34906e-007" r5="1" r6="-2.6574e-007" r7="0" r8="-0.792606" r9="-5.51036e-008" r10="-0.609735" r11="0" r12="0" r13="0" r14="0" r15="1" id="359" color_r="0.619608" color_g="0.470588" color_b="0.321569" type_file="Data/Objects/Environment/Rocks/strata_rocks/strata_rock_block.xml">
        <parameters />
    </EnvObject>
    <EnvObject t0="15.9697" t1="25.9966" t2="-107.623" s0="3.34397" s1="1.38889" s2="2.15431" q0="0.0050959" q1="-0.248209" q2="-0.0198842" r0="0.875994" r1="-0.041045" r2="0.480573" r3="0" r4="0.0359856" r5="0.999157" r6="0.0197415" r7="0" r8="-0.480978" r9="2.29105e-007" r10="0.876733" r11="0" r12="0" r13="0" r14="0" r15="1" id="360" color_r="0.619608" color_g="0.470588" color_b="0.321569" type_file="Data/Objects/Environment/Rocks/strata_rocks/strata_rock_block.xml">
        <parameters />
    </EnvObject>
    <EnvObject t0="19.7743" t1="29.3669" t2="-130.872" s0="1.43211" s1="1.63704" s2="1.35601" q0="-2.98023e-008" q1="0.937206" q2="-5.96046e-008" r0="-0.75671" r1="-9.74391e-008" r2="-0.653751" r3="0" r4="-1.42844e-008" r5="1" r6="-1.32512e-007" r7="0" r8="0.653751" r9="-9.09349e-008" r10="-0.75671" r11="0" r12="0" r13="0" r14="0" r15="1" id="361" color_r="0.619608" color_g="0.470588" color_b="0.321569" type_file="Data/Objects/Environment/Rocks/strata_rocks/strata_rock_capital.xml">
        <parameters />
    </EnvObject>
    <EnvObject t0="10.1097" t1="36.3687" t2="-107.228" s0="0.943448" s1="1.06417" s2="0.917941" q0="0" q1="0.811857" q2="-5.96046e-008" r0="-0.318223" r1="-6.9601e-008" r2="-0.948016" r3="0" r4="6.9601e-008" r5="1" r6="-9.67808e-008" r7="0" r8="0.948016" r9="-9.67808e-008" r10="-0.318223" r11="0" r12="0" r13="0" r14="0" r15="1" id="362" color_r="0.619608" color_g="0.470588" color_b="0.321569" type_file="Data/Objects/Environment/Rocks/strata_rocks/strata_rock_block.xml">
        <parameters />
    </EnvObject>
    <EnvObject t0="3.26192" t1="29.9134" t2="-114.183" s0="0.917168" s1="1.03515" s2="0.450801" q0="-1.19209e-007" q1="-0.897144" q2="8.9407e-008" r0="-0.609735" r1="2.92884e-007" r2="0.792606" r3="0" r4="1.34906e-007" r5="1" r6="-2.6574e-007" r7="0" r8="-0.792606" r9="-5.51036e-008" r10="-0.609735" r11="0" r12="0" r13="0" r14="0" r15="1" id="363" color_r="0.619608" color_g="0.470588" color_b="0.321569" type_file="Data/Objects/Environment/Rocks/strata_rocks/strata_rock_block.xml">
        <parameters />
    </EnvObject>
    <EnvObject t0="25.2858" t1="35.0793" t2="-112.395" s0="0.688499" s1="1.40406" s2="0.6708" q0="-5.96046e-008" q1="-0.583856" q2="-5.96046e-008" r0="0.318224" r1="-2.71799e-008" r2="0.948016" r3="0" r4="1.66382e-007" r5="1" r6="-2.71799e-008" r7="0" r8="-0.948016" r9="1.66382e-007" r10="0.318224" r11="0" r12="0" r13="0" r14="0" r15="1" id="364" color_r="0.619608" color_g="0.470588" color_b="0.321569" type_file="Data/Objects/Environment/Rocks/strata_rocks/strata_rock_block.xml">
        <parameters />
    </EnvObject>
    <EnvObject t0="-3.76631" t1="33.6825" t2="-129.523" s0="1.37127" s1="2.0123" s2="1.35646" q0="0" q1="0.811857" q2="-5.96046e-008" r0="-0.318223" r1="-6.9601e-008" r2="-0.948016" r3="0" r4="6.9601e-008" r5="1" r6="-9.67808e-008" r7="0" r8="0.948016" r9="-9.67808e-008" r10="-0.318223" r11="0" r12="0" r13="0" r14="0" r15="1" id="365" color_r="0.619608" color_g="0.470588" color_b="0.321569" type_file="Data/Objects/Environment/Rocks/strata_rocks/strata_rock_block.xml">
        <parameters />
    </EnvObject>
    <EnvObject t0="-3.18816" t1="42.4114" t2="-126.805" s0="0.656607" s1="0.797805" s2="0.638855" q0="-5.96047e-008" q1="-0.353838" q2="5.96047e-008" r0="0.749597" r1="1.53678e-007" r2="0.661894" r3="0" r4="-6.93165e-008" r5="1" r6="-1.53678e-007" r7="0" r8="-0.661894" r9="6.93165e-008" r10="0.749597" r11="0" r12="0" r13="0" r14="0" r15="1" id="366" color_r="0.619608" color_g="0.470588" color_b="0.321569" type_file="Data/Objects/Environment/Rocks/strata_rocks/strata_rock_block.xml">
        <parameters />
    </EnvObject>
    <EnvObject t0="0.612191" t1="27.4376" t2="-155.741" s0="1.43211" s1="1.97868" s2="1.56087" q0="0" q1="-0.770652" q2="5.96046e-008" r0="-0.187809" r1="7.59668e-008" r2="0.982206" r3="0" r4="-7.59668e-008" r5="1" r6="-9.18688e-008" r7="0" r8="-0.982206" r9="-9.18688e-008" r10="-0.187809" r11="0" r12="0" r13="0" r14="0" r15="1" id="367" color_r="0.619608" color_g="0.470588" color_b="0.321569" type_file="Data/Objects/Environment/Rocks/strata_rocks/strata_rock_capital.xml">
        <parameters />
    </EnvObject>
    <EnvObject t0="-1.64077" t1="20.7745" t2="-139.808" s0="2.37459" s1="2.29855" s2="1.92715" q0="-1.19209e-007" q1="0.17908" q2="0" r0="0.935861" r1="-4.26959e-008" r2="-0.35237" r3="0" r4="-4.26959e-008" r5="1" r6="-2.34564e-007" r7="0" r8="0.35237" r9="2.34564e-007" r10="0.935861" r11="0" r12="0" r13="0" r14="0" r15="1" id="368" color_r="0.619608" color_g="0.470588" color_b="0.321569" type_file="Data/Objects/Environment/Rocks/strata_rocks/strata_rock_block.xml">
        <parameters />
    </EnvObject>
    <EnvObject t0="-17.7652" t1="8.59297" t2="-157.257" s0="1.97705" s1="5.01154" s2="3.19472" q0="-1.19209e-007" q1="-0.762486" q2="1.19209e-007" r0="-0.16277" r1="3.36048e-007" r2="0.986664" r3="0" r4="2.75328e-008" r5="1" r6="-3.36048e-007" r7="0" r8="-0.986664" r9="-2.75328e-008" r10="-0.16277" r11="0" r12="0" r13="0" r14="0" r15="1" id="369" color_r="0.619608" color_g="0.470588" color_b="0.321569" type_file="Data/Objects/Environment/Rocks/strata_rocks/strata_rock_block.xml">
        <parameters />
    </EnvObject>
    <EnvObject t0="18.1018" t1="37.9621" t2="-110.463" s0="0.656977" s1="0.346428" s2="0.841095" q0="-0.000583112" q1="0.839394" q2="0.000900567" r0="-0.409166" r1="3.52738e-008" r2="-0.91246" r3="0" r4="-0.00195788" r5="0.999998" r6="0.000877992" r7="0" r8="0.912458" r9="0.00214573" r10="-0.409165" r11="0" r12="0" r13="0" r14="0" r15="1" id="370" color_r="0.619608" color_g="0.470588" color_b="0.321569" type_file="Data/Objects/Environment/Rocks/strata_rocks/strata_rock_block.xml">
        <parameters />
    </EnvObject>
    <EnvObject t0="-1.38103" t1="11.8689" t2="-140.314" s0="2.64135" s1="2.40378" s2="2.43378" q0="-5.96046e-008" q1="0.848576" q2="-5.96046e-008" r0="-0.440163" r1="-1.64228e-007" r2="-0.897918" r3="0" r4="-3.80876e-008" r5="1" r6="-1.64228e-007" r7="0" r8="0.897918" r9="-3.80876e-008" r10="-0.440163" r11="0" r12="0" r13="0" r14="0" r15="1" id="371" color_r="0.619608" color_g="0.470588" color_b="0.321569" type_file="Data/Objects/Environment/Rocks/strata_rocks/strata_rock_capital.xml">
        <parameters />
    </EnvObject>
    <EnvObject t0="7.94412" t1="2.07461" t2="-121.755" s0="2.89702" s1="2.99" s2="1.86637" q0="-1.78814e-007" q1="0.153183" q2="-5.96046e-008" r0="0.95307" r1="-1.72585e-007" r2="-0.30275" r3="0" r4="6.30197e-008" r5="1" r6="-3.71668e-007" r7="0" r8="0.30275" r9="3.35146e-007" r10="0.95307" r11="0" r12="0" r13="0" r14="0" r15="1" id="372" color_r="0.619608" color_g="0.470588" color_b="0.321569" type_file="Data/Objects/Environment/Rocks/strata_rocks/strata_rock_block.xml">
        <parameters />
    </EnvObject>
    <EnvObject t0="-19.6917" t1="20.0163" t2="-168.245" s0="1.32001" s1="1.59807" s2="0.826681" q0="-2.98023e-008" q1="0.984064" q2="-5.96046e-008" r0="-0.936764" r1="-7.98519e-008" r2="-0.349962" r3="0" r4="-3.74576e-008" r5="1" r6="-1.27908e-007" r7="0" r8="0.349962" r9="-1.06711e-007" r10="-0.936764" r11="0" r12="0" r13="0" r14="0" r15="1" id="374" color_r="0.619608" color_g="0.470588" color_b="0.321569" type_file="Data/Objects/Environment/Rocks/strata_rocks/strata_rock_capital.xml">
        <parameters />
    </EnvObject>
    <EnvObject t0="-13.826" t1="19.8149" t2="-169.307" s0="1.32001" s1="0.949547" s2="0.826681" q0="-5.96046e-008" q1="0.911413" q2="-5.21541e-008" r0="-0.661347" r1="-1.51571e-007" r2="-0.75008" r3="0" r4="-6.57267e-008" r5="1" r6="-1.44122e-007" r7="0" r8="0.75008" r9="-4.60141e-008" r10="-0.661347" r11="0" r12="0" r13="0" r14="0" r15="1" id="375" color_r="0.619608" color_g="0.470588" color_b="0.321569" type_file="Data/Objects/Environment/Rocks/strata_rocks/strata_rock_capital.xml">
        <parameters />
    </EnvObject>
    <EnvObject t0="-2.93002" t1="12.8645" t2="-163.124" s0="0.61488" s1="0.82822" s2="0.717074" q0="-1.19209e-007" q1="-0.818082" q2="1.11759e-007" r0="-0.338516" r1="3.23591e-007" r2="0.940961" r3="0" r4="6.64999e-008" r5="1" r6="-3.19971e-007" r7="0" r8="-0.940961" r9="-4.57415e-008" r10="-0.338516" r11="0" r12="0" r13="0" r14="0" r15="1" id="376" color_r="0.619608" color_g="0.470588" color_b="0.321569" type_file="Data/Objects/Environment/Rocks/strata_rocks/strata_rock_block.xml">
        <parameters />
    </EnvObject>
    <EnvObject t0="-14.594" t1="11.3178" t2="-88.6803" s0="1.87876" s1="1.08288" s2="1.39849" q0="-2.98023e-008" q1="0.999425" q2="-1.19209e-007" r0="-0.997701" r1="-6.76543e-008" r2="-0.0677741" r3="0" r4="-5.14864e-008" r5="1" r6="-2.40302e-007" r7="0" r8="0.0677741" r9="-2.3626e-007" r10="-0.997701" r11="0" r12="0" r13="0" r14="0" r15="1" id="377" color_r="0.619608" color_g="0.470588" color_b="0.321569" type_file="Data/Objects/Environment/Rocks/strata_rocks/strata_rock_capital.xml">
        <parameters />
    </EnvObject>
    <EnvObject t0="-13.9264" t1="1.85205" t2="-78.0558" s0="3.37896" s1="2.57579" s2="2.90772" q0="-5.96046e-008" q1="0.185203" q2="-1.19209e-007" r0="0.9314" r1="-2.56371e-007" r2="-0.363998" r3="0" r4="2.12216e-007" r5="1" r6="-1.61303e-007" r7="0" r8="0.363998" r9="7.29912e-008" r10="0.9314" r11="0" r12="0" r13="0" r14="0" r15="1" id="378" color_r="0.619608" color_g="0.470588" color_b="0.321569" type_file="Data/Objects/Environment/Rocks/strata_rocks/strata_rock_block.xml">
        <parameters />
    </EnvObject>
    <EnvObject t0="-31.5898" t1="6.43181" t2="-79.0182" s0="3.32807" s1="4.34455" s2="2.90772" q0="-5.96047e-008" q1="-0.961031" q2="5.96047e-008" r0="-0.847161" r1="1.47518e-007" r2="0.531336" r3="0" r4="8.16096e-008" r5="1" r6="-1.47518e-007" r7="0" r8="-0.531336" r9="-8.16096e-008" r10="-0.847161" r11="0" r12="0" r13="0" r14="0" r15="1" id="379" color_r="0.619608" color_g="0.470588" color_b="0.321569" type_file="Data/Objects/Environment/Rocks/strata_rocks/strata_rock_block.xml">
        <parameters />
    </EnvObject>
    <EnvObject t0="-16.4767" t1="11.5634" t2="-64.7881" s0="2.61211" s1="1.75502" s2="2.38073" q0="-5.96046e-008" q1="0.929861" q2="-1.19209e-007" r0="-0.729283" r1="-1.98565e-007" r2="-0.684212" r3="0" r4="-2.31314e-008" r5="1" r6="-2.65554e-007" r7="0" r8="0.684212" r9="-1.77837e-007" r10="-0.729283" r11="0" r12="0" r13="0" r14="0" r15="1" id="380" color_r="0.619608" color_g="0.470588" color_b="0.321569" type_file="Data/Objects/Environment/Rocks/strata_rocks/strata_rock_capital.xml">
        <parameters />
    </EnvObject>
    <EnvObject t0="-23.4355" t1="4.42463" t2="-52.2673" s0="2.87315" s1="1.85936" s2="2.87315" q0="-0.0073505" q1="-0.965891" q2="-0.00160551" r0="-0.865896" r1="0.0133684" r2="0.500046" r3="0" r4="0.0150307" r5="0.999887" r6="-0.000703708" r7="0" r8="-0.499998" r9="0.0069067" r10="-0.865999" r11="0" r12="0" r13="0" r14="0" r15="1" id="381" color_r="0.619608" color_g="0.470588" color_b="0.321569" type_file="Data/Objects/Environment/Rocks/strata_rocks/strata_rock_block.xml">
        <parameters />
    </EnvObject>
    <EnvObject t0="-12.3093" t1="31.7558" t2="-55.4706" s0="2.17086" s1="1.4384" s2="2.11216" q0="-5.96046e-008" q1="-0.583856" q2="0" r0="0.318224" r1="6.9601e-008" r2="0.948016" r3="0" r4="6.9601e-008" r5="1" r6="-9.67809e-008" r7="0" r8="-0.948016" r9="9.67809e-008" r10="0.318224" r11="0" r12="0" r13="0" r14="0" r15="1" id="382" color_r="0.619608" color_g="0.470588" color_b="0.321569" type_file="Data/Objects/Environment/Rocks/strata_rocks/strata_rock_block.xml">
        <parameters />
    </EnvObject>
    <EnvObject t0="-13.2733" t1="31.125" t2="-46.5299" s0="1.38686" s1="0.918926" s2="1.34937" q0="-5.96046e-008" q1="-0.583856" q2="0" r0="0.318224" r1="6.9601e-008" r2="0.948016" r3="0" r4="6.9601e-008" r5="1" r6="-9.67809e-008" r7="0" r8="-0.948016" r9="9.67809e-008" r10="0.318224" r11="0" r12="0" r13="0" r14="0" r15="1" id="383" color_r="0.619608" color_g="0.470588" color_b="0.321569" type_file="Data/Objects/Environment/Rocks/strata_rocks/strata_rock_block.xml">
        <parameters />
    </EnvObject>
    <EnvObject t0="-8.82969" t1="1.39256" t2="-142.69" s0="4.68794" s1="3.06701" s2="1.92474" q0="-1.19209e-007" q1="-0.744786" q2="1.19209e-007" r0="-0.109412" r1="3.36668e-007" r2="0.993996" r3="0" r4="1.84732e-008" r5="1" r6="-3.36668e-007" r7="0" r8="-0.993996" r9="-1.84732e-008" r10="-0.109412" r11="0" r12="0" r13="0" r14="0" r15="1" id="384" color_r="0.619608" color_g="0.470588" color_b="0.321569" type_file="Data/Objects/Environment/Rocks/strata_rocks/strata_rock_block.xml">
        <parameters />
    </EnvObject>
    <EnvObject t0="4.00917" t1="0.35685" t2="-145.844" s0="4.68794" s1="3.06701" s2="1.92474" q0="-1.19209e-007" q1="-0.646615" q2="5.96047e-008" r0="0.163778" r1="2.451e-007" r2="0.986497" r3="0" r4="6.32298e-008" r5="1" r6="-2.58952e-007" r7="0" r8="-0.986497" r9="1.04787e-007" r10="0.163778" r11="0" r12="0" r13="0" r14="0" r15="1" id="385" color_r="0.619608" color_g="0.470588" color_b="0.321569" type_file="Data/Objects/Environment/Rocks/strata_rocks/strata_rock_block.xml">
        <parameters />
    </EnvObject>
    <EnvObject t0="16.2877" t1="10.8863" t2="-108.785" s0="1.8643" s1="3.68449" s2="2.15431" q0="0.0050959" q1="-0.248209" q2="-0.0198842" r0="0.875994" r1="-0.041045" r2="0.480573" r3="0" r4="0.0359856" r5="0.999157" r6="0.0197415" r7="0" r8="-0.480978" r9="2.29105e-007" r10="0.876733" r11="0" r12="0" r13="0" r14="0" r15="1" id="386" color_r="0.619608" color_g="0.470588" color_b="0.321569" type_file="Data/Objects/Environment/Rocks/strata_rocks/strata_rock_block.xml">
        <parameters />
    </EnvObject>
