<?xml version="2.0" ?>
<Type>saved</Type>
<Name></Name>
<Description></Description>
<Shader>post</Shader>
<OutOfDate NavMesh="true" />
<AmbientSounds>
    <Ambient path="Data/Custom/timbles/therium-2/Sounds/Ambient/caveambience" />
</AmbientSounds>
<Script></Script>
<LevelScriptParameters>
    <parameter name="Achievements" type="string" val="no_injuries, no_kills" />
    <parameter name="Extra AO" type="string" val="0.4" />
    <parameter name="HDR Black point" type="string" val="0.084" />
    <parameter name="HDR Bloom multiplier" type="string" val="1" />
    <parameter name="HDR White point" type="string" val="1.029" />
    <parameter name="Level Boundaries" type="string" val="0" />
    <parameter name="Objectives" type="string" val="destroy_all" />
    <parameter name="Sky Rotation" type="string" val="0" />
</LevelScriptParameters>
<Sky>
    <DomeTexture>Data/Custom/timbles/therium-2/Textures/skies/s1/c1.tga</DomeTexture>
    <SunAngularRad>0.193427</SunAngularRad>
    <SunColorAngle>316.819</SunColorAngle>
    <RayToSun r0="-0.0815079" r1="0.28555" r2="0.954892" />
    <ExtraAO>0.4</ExtraAO>
</Sky>
<ActorObjects>
    <CameraObject t0="29.2347" t1="21.1947" t2="51.4504" s0="1" s1="1" s2="1" q0="0.0321574" q1="-0.87008" q2="0.0572746" r0="-0.520639" r1="-1.08033e-007" r2="0.853777" r3="0" r4="-0.111918" r5="0.991371" r6="-0.0682482" r7="0" r8="-0.84641" r9="-0.131086" r10="-0.516146" r11="0" r12="0" r13="0" r14="0" r15="1" id="370">
        <parameters />
    </CameraObject>
    <EnvObject t0="15.2412" t1="26.2513" t2="-111.729" s0="1" s1="1.44694" s2="1.04277" q0="0" q1="0" q2="0" r0="1" r1="0" r2="0" r3="0" r4="0" r5="1" r6="0" r7="0" r8="0" r9="0" r10="1" r11="0" r12="0" r13="0" r14="0" r15="1" id="1" color_r="1" color_g="1" color_b="1" type_file="Data/Objects/Crete/CreteBlockStandard.xml">
        <parameters />
    </EnvObject>
    <ActorObject t0="15.2638" t1="31.5921" t2="-111.823" s0="1" s1="1" s2="1" q0="0" q1="0" q2="0" r0="1" r1="0" r2="0" r3="0" r4="0" r5="1" r6="0" r7="0" r8="0" r9="0" r10="1" r11="0" r12="0" r13="0" r14="0" r15="1" id="2" type_file="Data/Custom/timbles/therium-2/Objects/IGF_Characters/ghost.xml" is_player="1" is_dead="0">
        <parameters>
            <parameter name="Aggression" type="float" val="0.5" />
            <parameter name="Attack Damage" type="float" val="1" />
            <parameter name="Attack Knockback" type="float" val="1" />
            <parameter name="Attack Speed" type="float" val="1" />
            <parameter name="Block Follow-up" type="float" val="0.5" />
            <parameter name="Block Skill" type="float" val="0.5" />
            <parameter name="Character Scale" type="float" val="1" />
            <parameter name="Damage Resistance" type="float" val="1" />
            <parameter name="Ear Size" type="float" val="1" />
            <parameter name="Fat" type="float" val="0.5" />
            <parameter name="Ground Aggression" type="float" val="0.5" />
            <parameter name="Left handed" type="int" val="0" />
            <parameter name="Lives" type="int" val="1" />
            <parameter name="Movement Speed" type="float" val="1" />
            <parameter name="Muscle" type="float" val="0.5" />
            <parameter name="Static" type="int" val="0" />
            <parameter name="Teams" type="string" val="player, Ghost" />
        </parameters>
        <Connections>
            <Connection id="-1" />
        </Connections>
        <ItemConnections />
        <Palette />
    </ActorObject>
    <EnvObject t0="17.3827" t1="21.3066" t2="-96.0509" s0="12.2856" s1="10.4768" s2="0.425927" q0="-0.707107" q1="0" q2="0" r0="1" r1="0" r2="-0" r3="0" r4="-0" r5="-5.96046e-007" r6="-1" r7="0" r8="0" r9="1" r10="-5.96046e-007" r11="0" r12="0" r13="0" r14="0" r15="1" id="3" color_r="0.513726" color_g="0.513726" color_b="0.513726" type_file="Data/Objects/Crete/CreteBlockStandard.xml">
        <parameters />
    </EnvObject>
    <EnvObject t0="12.7982" t1="24.529" t2="-113.086" s0="2.18285" s1="2.53469" s2="2.31792" q0="0" q1="0" q2="0" r0="1" r1="0" r2="0" r3="0" r4="0" r5="1" r6="0" r7="0" r8="0" r9="0" r10="1" r11="0" r12="0" r13="0" r14="0" r15="1" id="4" color_r="1" color_g="1" color_b="1" type_file="Data/Objects/Buildings/pillar1.xml">
        <parameters />
    </EnvObject>
    <EnvObject t0="17.5295" t1="24.529" t2="-113.086" s0="2.18285" s1="2.53469" s2="2.31792" q0="0" q1="0" q2="0" r0="1" r1="0" r2="0" r3="0" r4="0" r5="1" r6="0" r7="0" r8="0" r9="0" r10="1" r11="0" r12="0" r13="0" r14="0" r15="1" id="5" color_r="1" color_g="1" color_b="1" type_file="Data/Objects/Buildings/pillar1.xml">
        <parameters />
    </EnvObject>
    <EnvObject t0="49.5809" t1="22.893" t2="-67.7914" s0="11.4778" s1="5.72733" s2="9.33162" q0="0" q1="3.27826e-007" q2="0" r0="1" r1="0" r2="-6.55652e-007" r3="0" r4="0" r5="1" r6="0" r7="0" r8="6.55652e-007" r9="0" r10="1" r11="0" r12="0" r13="0" r14="0" r15="1" id="6" color_r="1" color_g="1" color_b="1" type_file="Data/Objects/Buildings/blockCatBrickWall.xml">
        <parameters />
    </EnvObject>
    <EnvObject t0="31.0477" t1="22.8231" t2="-29.2" s0="8.3135" s1="5.65698" s2="8.07212" q0="0" q1="-0.707107" q2="0" r0="-5.96046e-007" r1="0" r2="1" r3="0" r4="-0" r5="1" r6="0" r7="0" r8="-1" r9="-0" r10="-5.96046e-007" r11="0" r12="0" r13="0" r14="0" r15="1" id="7" color_r="1" color_g="1" color_b="1" type_file="Data/Objects/Buildings/blockCatBrickWall.xml">
        <parameters />
    </EnvObject>
    <EnvObject t0="31.0477" t1="22.8231" t2="6.57099" s0="9.1716" s1="5.65698" s2="8.07212" q0="0" q1="-0.707107" q2="0" r0="-5.96046e-007" r1="0" r2="1" r3="0" r4="-0" r5="1" r6="0" r7="0" r8="-1" r9="-0" r10="-5.96046e-007" r11="0" r12="0" r13="0" r14="0" r15="1" id="8" color_r="1" color_g="1" color_b="1" type_file="Data/Objects/Buildings/blockCatBrickWall.xml">
        <parameters />
    </EnvObject>
    <EnvObject t0="31.0477" t1="22.8231" t2="-9.81739" s0="7.31509" s1="5.65698" s2="8.07212" q0="0" q1="-0.707107" q2="0" r0="-5.96046e-007" r1="0" r2="1" r3="0" r4="-0" r5="1" r6="0" r7="0" r8="-1" r9="-0" r10="-5.96046e-007" r11="0" r12="0" r13="0" r14="0" r15="1" id="9" color_r="1" color_g="1" color_b="1" type_file="Data/Objects/Buildings/blockCatBrickWall.xml">
        <parameters />
    </EnvObject>
    <EnvObject t0="15.1531" t1="18.426" t2="-91.6667" s0="7.92013" s1="3.74842" s2="3.74842" q0="0" q1="-0.707107" q2="0" r0="-5.96046e-007" r1="0" r2="1" r3="0" r4="-0" r5="1" r6="0" r7="0" r8="-1" r9="-0" r10="-5.96046e-007" r11="0" r12="0" r13="0" r14="0" r15="1" id="10" color_r="1" color_g="1" color_b="1" type_file="Data/Objects/Buildings/blockCatroad.xml">
        <parameters />
    </EnvObject>
    <EnvObject t0="31.0477" t1="25.5933" t2="-19.0325" s0="1.92337" s1="2.90766" s2="8.07211" q0="0" q1="-0.707107" q2="0" r0="-5.96046e-007" r1="0" r2="1" r3="0" r4="-0" r5="1" r6="0" r7="0" r8="-1" r9="-0" r10="-5.96046e-007" r11="0" r12="0" r13="0" r14="0" r15="1" id="11" color_r="1" color_g="1" color_b="1" type_file="Data/Objects/Buildings/blockCatBrickWall.xml">
        <parameters />
    </EnvObject>
    <EnvObject t0="23.0835" t1="22.679" t2="-19.0205" s0="1" s1="1.91828" s2="1" q0="0.5" q1="-0.5" q2="-0.5" r0="0" r1="-1" r2="0" r3="0" r4="0" r5="0" r6="1" r7="0" r8="-1" r9="0" r10="0" r11="0" r12="0" r13="0" r14="0" r15="1" id="12" color_r="1" color_g="1" color_b="1" type_file="Data/Objects/Buildings/pillar1.xml">
        <parameters />
    </EnvObject>
    <EnvObject t0="39.0637" t1="22.679" t2="-19.0206" s0="1" s1="1.91828" s2="1" q0="0.5" q1="-0.5" q2="-0.5" r0="0" r1="-1" r2="0" r3="0" r4="0" r5="0" r6="1" r7="0" r8="-1" r9="0" r10="0" r11="0" r12="0" r13="0" r14="0" r15="1" id="13" color_r="1" color_g="1" color_b="1" type_file="Data/Objects/Buildings/pillar1.xml">
        <parameters />
    </EnvObject>
    <EnvObject t0="16.893" t1="22.823" t2="-7.26906" s0="6.23473" s1="5.65698" s2="2.45333" q0="0" q1="-1" q2="0" r0="-1" r1="0" r2="0" r3="0" r4="-0" r5="1" r6="0" r7="0" r8="0" r9="-0" r10="-1" r11="0" r12="0" r13="0" r14="0" r15="1" id="14" color_r="1" color_g="1" color_b="1" type_file="Data/Objects/Buildings/blockCatBrickWall.xml">
        <parameters />
    </EnvObject>
    <EnvObject t0="15.2284" t1="27.0156" t2="-104.857" s0="0.811372" s1="1" s2="0.94755" q0="0" q1="0" q2="0" r0="1" r1="0" r2="0" r3="0" r4="0" r5="1" r6="0" r7="0" r8="0" r9="0" r10="1" r11="0" r12="0" r13="0" r14="0" r15="1" id="15" color_r="1" color_g="1" color_b="1" type_file="Data/Objects/Buildings/terraces/cat_stairs.xml">
        <parameters />
    </EnvObject>
    <EnvObject t0="1.52487" t1="22.823" t2="-7.26904" s0="6.26336" s1="5.65698" s2="2.45333" q0="0" q1="-1" q2="0" r0="-1" r1="0" r2="0" r3="0" r4="-0" r5="1" r6="0" r7="0" r8="0" r9="-0" r10="-1" r11="0" r12="0" r13="0" r14="0" r15="1" id="16" color_r="1" color_g="1" color_b="1" type_file="Data/Objects/Buildings/blockCatBrickWall.xml">
        <parameters />
    </EnvObject>
    <EnvObject t0="9.22917" t1="25.5783" t2="-7.26803" s0="1.44639" s1="2.90436" s2="2.45446" q0="0" q1="-1" q2="0" r0="-1" r1="0" r2="0" r3="0" r4="-0" r5="1" r6="0" r7="0" r8="0" r9="-0" r10="-1" r11="0" r12="0" r13="0" r14="0" r15="1" id="17" color_r="1" color_g="1" color_b="1" type_file="Data/Objects/Buildings/blockCatBrickWall.xml">
        <parameters />
    </EnvObject>
    <EnvObject t0="9.22958" t1="22.7986" t2="-4.81366" s0="1" s1="1.54352" s2="0.999999" q0="-5.96047e-008" q1="5.96047e-008" q2="-0.707107" r0="-5.96046e-007" r1="-1" r2="4.9738e-014" r3="0" r4="1" r5="-5.96046e-007" r6="-1.68588e-007" r7="0" r8="1.68588e-007" r9="-4.9738e-014" r10="1" r11="0" r12="0" r13="0" r14="0" r15="1" id="18" color_r="1" color_g="1" color_b="1" type_file="Data/Objects/Buildings/pillar1.xml">
        <parameters />
    </EnvObject>
    <EnvObject t0="9.22958" t1="22.7986" t2="-9.55352" s0="1" s1="1.54352" s2="0.999999" q0="-5.96047e-008" q1="5.96047e-008" q2="-0.707107" r0="-5.96046e-007" r1="-1" r2="4.9738e-014" r3="0" r4="1" r5="-5.96046e-007" r6="-1.68588e-007" r7="0" r8="1.68588e-007" r9="-4.9738e-014" r10="1" r11="0" r12="0" r13="0" r14="0" r15="1" id="19" color_r="1" color_g="1" color_b="1" type_file="Data/Objects/Buildings/pillar1.xml">
        <parameters />
    </EnvObject>
    <EnvObject t0="83.3995" t1="22.823" t2="-21.018" s0="16.9974" s1="5.65698" s2="11.8981" q0="0" q1="-0.707107" q2="0" r0="-5.96046e-007" r1="0" r2="1" r3="0" r4="-0" r5="1" r6="0" r7="0" r8="-1" r9="-0" r10="-5.96046e-007" r11="0" r12="0" r13="0" r14="0" r15="1" id="20" color_r="1" color_g="1" color_b="1" type_file="Data/Objects/Buildings/blockCatBrickWall.xml">
        <parameters />
    </EnvObject>
    <EnvObject t0="83.8607" t1="22.8233" t2="-55.0063" s0="16.9974" s1="5.65698" s2="8.07211" q0="0" q1="-0.707107" q2="0" r0="-5.96046e-007" r1="0" r2="1" r3="0" r4="-0" r5="1" r6="0" r7="0" r8="-1" r9="-0" r10="-5.96046e-007" r11="0" r12="0" r13="0" r14="0" r15="1" id="21" color_r="1" color_g="1" color_b="1" type_file="Data/Objects/Buildings/blockCatBrickWall.xml">
        <parameters />
    </EnvObject>
    <EnvObject t0="80.7722" t1="22.8233" t2="-86.1692" s0="14.1603" s1="5.65698" s2="4.9836" q0="0" q1="-0.707107" q2="0" r0="-5.96046e-007" r1="0" r2="1" r3="0" r4="-0" r5="1" r6="0" r7="0" r8="-1" r9="-0" r10="-5.96046e-007" r11="0" r12="0" r13="0" r14="0" r15="1" id="22" color_r="1" color_g="1" color_b="1" type_file="Data/Objects/Buildings/blockCatBrickWall.xml">
        <parameters />
    </EnvObject>
    <EnvObject t0="-7.05684" t1="22.8229" t2="-15.8719" s0="6.26336" s1="5.65698" s2="2.45333" q0="-0" q1="0.707107" q2="-0" r0="-5.96046e-007" r1="-0" r2="-1" r3="0" r4="0" r5="1" r6="-0" r7="0" r8="1" r9="0" r10="-5.96046e-007" r11="0" r12="0" r13="0" r14="0" r15="1" id="23" color_r="1" color_g="1" color_b="1" type_file="Data/Objects/Buildings/blockCatBrickWall.xml">
        <parameters />
    </EnvObject>
    <EnvObject t0="-7.05684" t1="22.8229" t2="-28.3812" s0="6.26336" s1="5.65698" s2="2.45333" q0="-0" q1="0.707107" q2="-0" r0="-5.96046e-007" r1="-0" r2="-1" r3="0" r4="0" r5="1" r6="-0" r7="0" r8="1" r9="0" r10="-5.96046e-007" r11="0" r12="0" r13="0" r14="0" r15="1" id="24" color_r="1" color_g="1" color_b="1" type_file="Data/Objects/Buildings/blockCatBrickWall.xml">
        <parameters />
    </EnvObject>
    <EnvObject t0="0.845065" t1="22.8229" t2="-35.0905" s0="5.52497" s1="5.65698" s2="2.45333" q0="-0" q1="3.57628e-007" q2="-0" r0="1" r1="-0" r2="-7.15256e-007" r3="0" r4="0" r5="1" r6="-0" r7="0" r8="7.15256e-007" r9="0" r10="1" r11="0" r12="0" r13="0" r14="0" r15="1" id="25" color_r="1" color_g="1" color_b="1" type_file="Data/Objects/Buildings/blockCatBrickWall.xml">
        <parameters />
    </EnvObject>
    <EnvObject t0="-2.32502" t1="30.8438" t2="-125.517" s0="9.4426" s1="8.6615" s2="7.09144" q0="0" q1="0" q2="0" r0="1" r1="0" r2="0" r3="0" r4="0" r5="1" r6="0" r7="0" r8="0" r9="0" r10="1" r11="0" r12="0" r13="0" r14="0" r15="1" id="26" color_r="1" color_g="1" color_b="1" type_file="Data/Objects/Buildings/pillar1.xml">
        <parameters />
    </EnvObject>
    <EnvObject t0="32.8254" t1="30.8568" t2="-125.517" s0="8.79098" s1="8.67425" s2="7.09144" q0="0" q1="0" q2="0" r0="1" r1="0" r2="0" r3="0" r4="0" r5="1" r6="0" r7="0" r8="0" r9="0" r10="1" r11="0" r12="0" r13="0" r14="0" r15="1" id="27" color_r="1" color_g="1" color_b="1" type_file="Data/Objects/Buildings/pillar1.xml">
        <parameters />
    </EnvObject>
    <EnvObject t0="15.4423" t1="28.6773" t2="-135.6" s0="15.961" s1="11.2256" s2="8.67997" q0="0" q1="0" q2="0" r0="1" r1="0" r2="0" r3="0" r4="0" r5="1" r6="0" r7="0" r8="0" r9="0" r10="1" r11="0" r12="0" r13="0" r14="0" r15="1" id="28" color_r="1" color_g="1" color_b="1" type_file="Data/Objects/Buildings/blockCatBrickWall.xml">
        <parameters />
    </EnvObject>
    <EnvObject t0="15.1501" t1="24.1082" t2="-117.661" s0="2.03328" s1="2.03328" s2="2.03328" q0="-0.000330389" q1="0.0279" q2="-0.00537617" r0="0.998385" r1="-0.0107664" r2="-0.0557739" r3="0" r4="0.0107296" r5="0.999942" r6="-0.000960502" r7="0" r8="0.055781" r9="0.000360521" r10="0.998443" r11="0" r12="0" r13="0" r14="0" r15="1" id="29" color_r="1" color_g="1" color_b="1" type_file="Data/Objects/Crete/CreteBlockStandard.xml">
        <parameters />
    </EnvObject>
    <EnvObject t0="12.7982" t1="29.3004" t2="-113.114" s0="2.18285" s1="2.18285" s2="2.18285" q0="0" q1="0" q2="0" r0="1" r1="0" r2="0" r3="0" r4="0" r5="1" r6="0" r7="0" r8="0" r9="0" r10="1" r11="0" r12="0" r13="0" r14="0" r15="1" id="30" color_r="1" color_g="1" color_b="1" type_file="Data/Objects/Buildings/pillar1.xml">
        <parameters />
    </EnvObject>
    <EnvObject t0="17.5639" t1="29.3004" t2="-113.114" s0="2.18285" s1="2.18285" s2="2.18285" q0="0" q1="0" q2="0" r0="1" r1="0" r2="0" r3="0" r4="0" r5="1" r6="0" r7="0" r8="0" r9="0" r10="1" r11="0" r12="0" r13="0" r14="0" r15="1" id="52" color_r="1" color_g="1" color_b="1" type_file="Data/Objects/Buildings/pillar1.xml">
        <parameters />
    </EnvObject>
    <EnvObject t0="-12.8179" t1="29.2856" t2="-110.559" s0="15.9729" s1="10.6173" s2="8.67997" q0="0" q1="0.707107" q2="0" r0="-5.96046e-007" r1="0" r2="-1" r3="0" r4="0" r5="1" r6="0" r7="0" r8="1" r9="0" r10="-5.96046e-007" r11="0" r12="0" r13="0" r14="0" r15="1" id="53" color_r="1" color_g="1" color_b="1" type_file="Data/Objects/Buildings/blockCatBrickWall.xml">
        <parameters />
    </EnvObject>
    <EnvObject t0="43.4214" t1="29.2856" t2="-110.559" s0="15.9729" s1="10.6173" s2="8.67997" q0="0" q1="0.707107" q2="0" r0="-5.96046e-007" r1="0" r2="-1" r3="0" r4="0" r5="1" r6="0" r7="0" r8="1" r9="0" r10="-5.96046e-007" r11="0" r12="0" r13="0" r14="0" r15="1" id="54" color_r="1" color_g="1" color_b="1" type_file="Data/Objects/Buildings/blockCatBrickWall.xml">
        <parameters />
    </EnvObject>
    <EnvObject t0="32.8254" t1="30.8568" t2="-95.4397" s0="8.79098" s1="8.67425" s2="7.09144" q0="0" q1="0" q2="0" r0="1" r1="0" r2="0" r3="0" r4="0" r5="1" r6="0" r7="0" r8="0" r9="0" r10="1" r11="0" r12="0" r13="0" r14="0" r15="1" id="55" color_r="1" color_g="1" color_b="1" type_file="Data/Objects/Buildings/pillar1.xml">
        <parameters />
    </EnvObject>
    <EnvObject t0="-2.63081" t1="30.8568" t2="-95.4397" s0="8.79098" s1="8.67425" s2="7.09144" q0="0" q1="0" q2="0" r0="1" r1="0" r2="0" r3="0" r4="0" r5="1" r6="0" r7="0" r8="0" r9="0" r10="1" r11="0" r12="0" r13="0" r14="0" r15="1" id="56" color_r="1" color_g="1" color_b="1" type_file="Data/Objects/Buildings/pillar1.xml">
        <parameters />
    </EnvObject>
    <EnvObject t0="10.1965" t1="25.6272" t2="-91.6529" s0="0.547792" s1="1.26267" s2="0.84234" q0="0" q1="0" q2="0" r0="1" r1="0" r2="0" r3="0" r4="0" r5="1" r6="0" r7="0" r8="0" r9="0" r10="1" r11="0" r12="0" r13="0" r14="0" r15="1" id="57" color_r="1" color_g="1" color_b="1" type_file="Data/Objects/Crete/CreteBlockStandard.xml">
        <parameters />
    </EnvObject>
    <EnvObject t0="20.17" t1="25.6272" t2="-91.6529" s0="0.547792" s1="1.26267" s2="0.84234" q0="0" q1="0" q2="0" r0="1" r1="0" r2="0" r3="0" r4="0" r5="1" r6="0" r7="0" r8="0" r9="0" r10="1" r11="0" r12="0" r13="0" r14="0" r15="1" id="58" color_r="1" color_g="1" color_b="1" type_file="Data/Objects/Crete/CreteBlockStandard.xml">
        <parameters />
    </EnvObject>
    <EnvObject t0="15.116" t1="30.5363" t2="-91.6869" s0="0.721663" s1="2.17493" s2="1.1097" q0="0" q1="0" q2="-0.707107" r0="-5.96046e-007" r1="-1" r2="-0" r3="0" r4="1" r5="-5.96046e-007" r6="0" r7="0" r8="0" r9="-0" r10="1" r11="0" r12="0" r13="0" r14="0" r15="1" id="59" color_r="1" color_g="1" color_b="1" type_file="Data/Objects/Crete/CreteBlockStandard.xml">
        <parameters />
    </EnvObject>
    <EnvObject t0="29.5916" t1="30.9943" t2="-89.0209" s0="8.2658" s1="9.08667" s2="4.71546" q0="0" q1="0" q2="0" r0="1" r1="0" r2="0" r3="0" r4="0" r5="1" r6="0" r7="0" r8="0" r9="0" r10="1" r11="0" r12="0" r13="0" r14="0" r15="1" id="60" color_r="1" color_g="1" color_b="1" type_file="Data/Objects/Buildings/blockCatBrickWall.xml">
        <parameters />
    </EnvObject>
    <EnvObject t0="0.98259" t1="30.9943" t2="-89.0209" s0="8.2658" s1="9.08667" s2="4.71546" q0="0" q1="0" q2="0" r0="1" r1="0" r2="0" r3="0" r4="0" r5="1" r6="0" r7="0" r8="0" r9="0" r10="1" r11="0" r12="0" r13="0" r14="0" r15="1" id="61" color_r="1" color_g="1" color_b="1" type_file="Data/Objects/Buildings/blockCatBrickWall.xml">
        <parameters />
    </EnvObject>
    <EnvObject t0="15.2814" t1="35.9922" t2="-90.8295" s0="6.08603" s1="4.05843" s2="2.7756" q0="4.37114e-008" q1="0" q2="1" r0="-1" r1="0" r2="8.74228e-008" r3="0" r4="0" r5="-1" r6="0" r7="0" r8="8.74228e-008" r9="0" r10="1" r11="0" r12="0" r13="0" r14="0" r15="1" id="62" color_r="1" color_g="1" color_b="1" type_file="Data/Objects/Buildings/blockCatBrickWall.xml">
        <parameters />
    </EnvObject>
    <EnvObject t0="15.0613" t1="35.8229" t2="-93.648" s0="1.55003" s1="1.06061" s2="0.164805" q0="0" q1="0" q2="0.707107" r0="-5.96046e-007" r1="1" r2="0" r3="0" r4="-1" r5="-5.96046e-007" r6="0" r7="0" r8="0" r9="0" r10="1" r11="0" r12="0" r13="0" r14="0" r15="1" id="63" color_r="1" color_g="1" color_b="1" type_file="Data/Objects/Crete/CreteBlockStandard.xml">
        <parameters />
    </EnvObject>
    <Decal t0="15.0606" t1="35.6815" t2="-94.4224" s0="-7.68654" s1="2.19699" s2="7.68654" q0="-0.707107" q1="0" q2="0" r0="1" r1="0" r2="-0" r3="0" r4="-0" r5="-5.96046e-007" r6="-1" r7="0" r8="0" r9="1" r10="-5.96046e-007" r11="0" r12="0" r13="0" r14="0" r15="1" id="64" type_file="Data/Objects/Decals/signs/glyph_rabbit.xml" i="0" color_r="0" color_g="0" color_b="0">
        <parameters />
    </Decal>
    <EnvObject t0="2.06509" t1="19.4725" t2="-22.3364" s0="0.777138" s1="0.318523" s2="0.59051" q0="0" q1="0" q2="0" r0="1" r1="0" r2="0" r3="0" r4="0" r5="1" r6="0" r7="0" r8="0" r9="0" r10="1" r11="0" r12="0" r13="0" r14="0" r15="1" id="65" color_r="1" color_g="1" color_b="1" type_file="Data/Objects/Buildings/terraces/cat_stairs.xml">
        <parameters />
    </EnvObject>
    <ActorObject t0="64.3266" t1="18.9671" t2="-54.0429" s0="0.999846" s1="0.999846" s2="0.999846" q0="1.39091e-008" q1="1" q2="-0" r0="-1" r1="2.78182e-008" r2="-0" r3="0" r4="2.78182e-008" r5="1" r6="0" r7="0" r8="0" r9="-0" r10="-1" r11="0" r12="0" r13="0" r14="0" r15="1" id="66" type_file="Data/Custom/timbles/therium-2/Objects/IGF_Characters/beetle.xml" is_player="0" is_dead="0">
        <parameters>
            <parameter name="Aggression" type="float" val="0.75" />
            <parameter name="Attack Damage" type="float" val="1" />
            <parameter name="Attack Knockback" type="float" val="1" />
            <parameter name="Attack Speed" type="float" val="1" />
            <parameter name="Block Follow-up" type="float" val="0.5" />
            <parameter name="Block Skill" type="float" val="0.5" />
            <parameter name="Character Scale" type="float" val="1" />
            <parameter name="Damage Resistance" type="float" val="1" />
            <parameter name="Ear Size" type="float" val="1" />
            <parameter name="Fat" type="float" val="0.5" />
            <parameter name="Ground Aggression" type="float" val="0.5" />
            <parameter name="Left handed" type="int" val="0" />
            <parameter name="Lives" type="int" val="1" />
            <parameter name="Movement Speed" type="float" val="1" />
            <parameter name="Muscle" type="float" val="0.5" />
            <parameter name="Static" type="int" val="0" />
            <parameter name="Teams" type="string" val="guard" />
        </parameters>
        <Connections>
            <Connection id="317" />
        </Connections>
        <ItemConnections />
        <Palette />
        <EnvObjectAttachments>
            <EnvObjectAttachment>
                <BoneConnect bone_id="8" num_connections="1" m0="-0.866329" m1="0.49938" m2="0.00964205" m3="0" m4="-0.498322" m5="-0.865482" m6="0.0511516" m7="0" m8="0.0338891" m9="0.0395093" m10="0.998644" m11="0" m12="0.544138" m13="0.156967" m14="-0.0531921" m15="1" />
                <BoneConnect bone_id="9" num_connections="1" m0="-0.870002" m1="0.49297" m2="0.00874217" m3="0" m4="-0.492876" m5="-0.869097" m6="-0.04176" m7="0" m8="-0.0129886" m9="-0.0406401" m10="0.999089" m11="0" m12="0.544636" m13="0.158821" m14="-0.0491409" m15="1" />
                <BoneConnect bone_id="-1" num_connections="0" m0="1" m1="0" m2="0" m3="0" m4="0" m5="1" m6="0" m7="0" m8="0" m9="0" m10="1" m11="0" m12="0" m13="0" m14="0" m15="1" />
                <BoneConnect bone_id="-1" num_connections="0" m0="1" m1="0" m2="0" m3="0" m4="0" m5="1" m6="0" m7="0" m8="0" m9="0" m10="1" m11="0" m12="0" m13="0" m14="0" m15="1" />
            </EnvObjectAttachment>
            <EnvObjectAttachment>
                <BoneConnect bone_id="8" num_connections="1" m0="0.216721" m1="0.445417" m2="0.868698" m3="0" m4="-0.808019" m5="0.581212" m6="-0.0964284" m7="0" m8="-0.547848" m9="-0.681026" m10="0.485866" m11="0" m12="0.466396" m13="0.172226" m14="-0.0350723" m15="1" />
                <BoneConnect bone_id="9" num_connections="1" m0="0.172325" m1="0.375212" m2="0.91078" m3="0" m4="-0.807573" m5="0.583244" m6="-0.0874801" m7="0" m8="-0.56403" m9="-0.720446" m10="0.403519" m11="0" m12="0.466013" m13="0.172234" m14="-0.0335236" m15="1" />
                <BoneConnect bone_id="-1" num_connections="0" m0="1" m1="0" m2="0" m3="0" m4="0" m5="1" m6="0" m7="0" m8="0" m9="0" m10="1" m11="0" m12="0" m13="0" m14="0" m15="1" />
                <BoneConnect bone_id="-1" num_connections="0" m0="1" m1="0" m2="0" m3="0" m4="0" m5="1" m6="0" m7="0" m8="0" m9="0" m10="1" m11="0" m12="0" m13="0" m14="0" m15="1" />
            </EnvObjectAttachment>
            <EnvObjectAttachment>
                <BoneConnect bone_id="21" num_connections="1" m0="0.851127" m1="0.523749" m2="-0.0356441" m3="0" m4="-0.512232" m5="0.813712" m6="-0.274756" m7="0" m8="-0.114899" m9="0.25211" m10="0.960853" m11="0" m12="-0.5494" m13="0.152978" m14="-0.0432892" m15="1" />
                <BoneConnect bone_id="22" num_connections="1" m0="0.852842" m1="0.521092" m2="-0.0335277" m3="0" m4="-0.517758" m5="0.835563" m6="-0.183741" m7="0" m8="-0.0677314" m9="0.174061" m10="0.982403" m11="0" m12="-0.54969" m13="0.153902" m14="-0.0394058" m15="1" />
                <BoneConnect bone_id="-1" num_connections="0" m0="1" m1="0" m2="0" m3="0" m4="0" m5="1" m6="0" m7="0" m8="0" m9="0" m10="1" m11="0" m12="0" m13="0" m14="0" m15="1" />
                <BoneConnect bone_id="-1" num_connections="0" m0="1" m1="0" m2="0" m3="0" m4="0" m5="1" m6="0" m7="0" m8="0" m9="0" m10="1" m11="0" m12="0" m13="0" m14="0" m15="1" />
            </EnvObjectAttachment>
            <EnvObjectAttachment>
                <BoneConnect bone_id="21" num_connections="1" m0="0.403403" m1="-0.430049" m2="-0.807666" m3="0" m4="0.807813" m5="0.581958" m6="0.0936082" m7="0" m8="0.429771" m9="-0.690205" m10="0.582162" m11="0" m12="-0.486298" m13="0.157008" m14="-0.0426178" m15="1" />
                <BoneConnect bone_id="22" num_connections="1" m0="0.361599" m1="-0.365102" m2="-0.857873" m3="0" m4="0.816107" m5="0.568847" m6="0.101899" m7="0" m8="0.450795" m9="-0.736963" m10="0.503657" m11="0" m12="-0.48658" m13="0.157581" m14="-0.0413971" m15="1" />
                <BoneConnect bone_id="-1" num_connections="0" m0="1" m1="0" m2="0" m3="0" m4="0" m5="1" m6="0" m7="0" m8="0" m9="0" m10="1" m11="0" m12="0" m13="0" m14="0" m15="1" />
                <BoneConnect bone_id="-1" num_connections="0" m0="1" m1="0" m2="0" m3="0" m4="0" m5="1" m6="0" m7="0" m8="0" m9="0" m10="1" m11="0" m12="0" m13="0" m14="0" m15="1" />
            </EnvObjectAttachment>
            <EnvObjectAttachment>
                <BoneConnect bone_id="17" num_connections="1" m0="-0.997528" m1="-0.0697979" m2="0.00814757" m3="0" m4="-0.0626294" m5="0.935628" m6="0.347386" m7="0" m8="-0.0318699" m9="0.346017" m10="-0.937687" m11="0" m12="-0.153076" m13="0.375324" m14="-0.0449905" m15="1" />
                <BoneConnect bone_id="-1" num_connections="0" m0="1" m1="0" m2="0" m3="0" m4="0" m5="1" m6="0" m7="0" m8="0" m9="0" m10="1" m11="0" m12="0" m13="0" m14="0" m15="1" />
                <BoneConnect bone_id="-1" num_connections="0" m0="1" m1="0" m2="0" m3="0" m4="0" m5="1" m6="0" m7="0" m8="0" m9="0" m10="1" m11="0" m12="0" m13="0" m14="0" m15="1" />
                <BoneConnect bone_id="-1" num_connections="0" m0="1" m1="0" m2="0" m3="0" m4="0" m5="1" m6="0" m7="0" m8="0" m9="0" m10="1" m11="0" m12="0" m13="0" m14="0" m15="1" />
            </EnvObjectAttachment>
        </EnvObjectAttachments>
        <EnvObject t0="59.7603" t1="18.0354" t2="-10.5368" s0="1" s1="1" s2="1" q0="-0.32017" q1="-0.165051" q2="0.821937" r0="-0.405645" r1="0.830986" r2="-0.380675" r3="0" r4="-0.619609" r5="-0.55618" r6="-0.553849" r7="0" r8="-0.671965" r9="0.0112034" r10="0.740498" r11="0" r12="0" r13="0" r14="0" r15="1" id="67" color_r="1" color_g="1" color_b="1" type_file="Data/Objects/Gear/DogTools/DogToolAwl.xml">
            <parameters />
        </EnvObject>
        <EnvObject t0="59.7027" t1="18.0833" t2="-10.5682" s0="0.534658" s1="0.598337" s2="0.589105" q0="-0.008875" q1="-0.780225" q2="0.245282" r0="-0.337829" r1="0.296086" r2="0.893423" r3="0" r4="-0.268388" r5="0.879516" r6="-0.392963" r7="0" r8="-0.90213" r9="-0.372539" r10="-0.21766" r11="0" r12="0" r13="0" r14="0" r15="1" id="68" color_r="0.305882" color_g="0.145098" color_b="0.145098" type_file="Data/Objects/Buildings/RopeBall1.xml">
            <parameters />
        </EnvObject>
        <EnvObject t0="59.7058" t1="18.043" t2="-9.85458" s0="1" s1="1" s2="1" q0="-0.314254" q1="0.696136" q2="0.502884" r0="-0.474995" r1="-0.0305359" r2="-0.879459" r3="0" r4="-0.844518" r5="0.296704" r6="0.445821" r7="0" r8="0.247325" r9="0.954481" r10="-0.166721" r11="0" r12="0" r13="0" r14="0" r15="1" id="69" color_r="1" color_g="1" color_b="1" type_file="Data/Objects/Gear/DogTools/DogToolAwl.xml">
            <parameters />
        </EnvObject>
        <EnvObject t0="59.7026" t1="18.0273" t2="-9.91575" s0="0.534658" s1="0.598337" s2="0.589105" q0="-0.57598" q1="0.63162" q2="-0.331133" r0="-0.0171855" r1="-0.992221" r2="-0.123298" r3="0" r4="-0.462981" r5="0.117196" r6="-0.878586" r7="0" r8="0.886202" r9="0.0419859" r10="-0.461394" r11="0" r12="0" r13="0" r14="0" r15="1" id="70" color_r="0.305882" color_g="0.145098" color_b="0.145098" type_file="Data/Objects/Buildings/RopeBall1.xml">
            <parameters />
        </EnvObject>
        <EnvObject t0="59.5578" t1="18.0335" t2="-10.2444" s0="1" s1="1" s2="1" q0="0.123547" q1="-0.572171" q2="-0.157594" r0="0.295568" r1="-0.392053" r2="0.871168" r3="0" r4="0.109293" r5="0.9198" r6="0.376859" r7="0" r8="-0.949049" r9="-0.0161746" r10="0.314713" r11="0" r12="0" r13="0" r14="0" r15="1" id="71" color_r="1" color_g="1" color_b="1" type_file="Data/Objects/Gear/dog_armor/dog_armor_shoulder_a.xml">
            <parameters />
        </EnvObject>
    </ActorObject>
    <ActorObject t0="41.8668" t1="18.9671" t2="-17.4605" s0="0.999846" s1="0.999846" s2="0.999846" q0="1.39091e-008" q1="1" q2="-0" r0="-1" r1="2.78182e-008" r2="-0" r3="0" r4="2.78182e-008" r5="1" r6="0" r7="0" r8="0" r9="-0" r10="-1" r11="0" r12="0" r13="0" r14="0" r15="1" id="72" type_file="Data/Custom/timbles/therium-2/Objects/IGF_Characters/beetle.xml" is_player="0" is_dead="0">
        <parameters>
            <parameter name="Aggression" type="float" val="0.75" />
            <parameter name="Attack Damage" type="float" val="1" />
            <parameter name="Attack Knockback" type="float" val="1" />
            <parameter name="Attack Speed" type="float" val="1" />
            <parameter name="Block Follow-up" type="float" val="0.5" />
            <parameter name="Block Skill" type="float" val="0.5" />
            <parameter name="Character Scale" type="float" val="1" />
            <parameter name="Damage Resistance" type="float" val="1" />
            <parameter name="Ear Size" type="float" val="1" />
            <parameter name="Fat" type="float" val="0.5" />
            <parameter name="Ground Aggression" type="float" val="0.5" />
            <parameter name="Left handed" type="int" val="0" />
            <parameter name="Lives" type="int" val="1" />
            <parameter name="Movement Speed" type="float" val="1" />
            <parameter name="Muscle" type="float" val="0.5" />
            <parameter name="Static" type="int" val="0" />
            <parameter name="Teams" type="string" val="guard" />
        </parameters>
        <Connections>
            <Connection id="480" />
        </Connections>
        <ItemConnections />
        <Palette />
        <EnvObjectAttachments>
            <EnvObjectAttachment>
                <BoneConnect bone_id="8" num_connections="1" m0="-0.866329" m1="0.49938" m2="0.00964205" m3="0" m4="-0.498322" m5="-0.865482" m6="0.0511516" m7="0" m8="0.0338891" m9="0.0395093" m10="0.998644" m11="0" m12="0.544138" m13="0.156967" m14="-0.0531921" m15="1" />
                <BoneConnect bone_id="9" num_connections="1" m0="-0.870002" m1="0.49297" m2="0.00874217" m3="0" m4="-0.492876" m5="-0.869097" m6="-0.04176" m7="0" m8="-0.0129886" m9="-0.0406401" m10="0.999089" m11="0" m12="0.544636" m13="0.158821" m14="-0.0491409" m15="1" />
                <BoneConnect bone_id="-1" num_connections="0" m0="1" m1="0" m2="0" m3="0" m4="0" m5="1" m6="0" m7="0" m8="0" m9="0" m10="1" m11="0" m12="0" m13="0" m14="0" m15="1" />
                <BoneConnect bone_id="-1" num_connections="0" m0="1" m1="0" m2="0" m3="0" m4="0" m5="1" m6="0" m7="0" m8="0" m9="0" m10="1" m11="0" m12="0" m13="0" m14="0" m15="1" />
            </EnvObjectAttachment>
            <EnvObjectAttachment>
                <BoneConnect bone_id="8" num_connections="1" m0="0.216721" m1="0.445417" m2="0.868698" m3="0" m4="-0.808019" m5="0.581212" m6="-0.0964284" m7="0" m8="-0.547848" m9="-0.681026" m10="0.485866" m11="0" m12="0.466396" m13="0.172226" m14="-0.0350723" m15="1" />
                <BoneConnect bone_id="9" num_connections="1" m0="0.172325" m1="0.375212" m2="0.91078" m3="0" m4="-0.807573" m5="0.583244" m6="-0.0874801" m7="0" m8="-0.56403" m9="-0.720446" m10="0.403519" m11="0" m12="0.466013" m13="0.172234" m14="-0.0335236" m15="1" />
                <BoneConnect bone_id="-1" num_connections="0" m0="1" m1="0" m2="0" m3="0" m4="0" m5="1" m6="0" m7="0" m8="0" m9="0" m10="1" m11="0" m12="0" m13="0" m14="0" m15="1" />
                <BoneConnect bone_id="-1" num_connections="0" m0="1" m1="0" m2="0" m3="0" m4="0" m5="1" m6="0" m7="0" m8="0" m9="0" m10="1" m11="0" m12="0" m13="0" m14="0" m15="1" />
            </EnvObjectAttachment>
            <EnvObjectAttachment>
                <BoneConnect bone_id="21" num_connections="1" m0="0.851127" m1="0.523749" m2="-0.0356441" m3="0" m4="-0.512232" m5="0.813712" m6="-0.274756" m7="0" m8="-0.114899" m9="0.25211" m10="0.960853" m11="0" m12="-0.5494" m13="0.152978" m14="-0.0432892" m15="1" />
                <BoneConnect bone_id="22" num_connections="1" m0="0.852842" m1="0.521092" m2="-0.0335277" m3="0" m4="-0.517758" m5="0.835563" m6="-0.183741" m7="0" m8="-0.0677314" m9="0.174061" m10="0.982403" m11="0" m12="-0.54969" m13="0.153902" m14="-0.0394058" m15="1" />
                <BoneConnect bone_id="-1" num_connections="0" m0="1" m1="0" m2="0" m3="0" m4="0" m5="1" m6="0" m7="0" m8="0" m9="0" m10="1" m11="0" m12="0" m13="0" m14="0" m15="1" />
                <BoneConnect bone_id="-1" num_connections="0" m0="1" m1="0" m2="0" m3="0" m4="0" m5="1" m6="0" m7="0" m8="0" m9="0" m10="1" m11="0" m12="0" m13="0" m14="0" m15="1" />
            </EnvObjectAttachment>
            <EnvObjectAttachment>
                <BoneConnect bone_id="21" num_connections="1" m0="0.403403" m1="-0.430049" m2="-0.807666" m3="0" m4="0.807813" m5="0.581958" m6="0.0936082" m7="0" m8="0.429771" m9="-0.690205" m10="0.582162" m11="0" m12="-0.486298" m13="0.157008" m14="-0.0426178" m15="1" />
                <BoneConnect bone_id="22" num_connections="1" m0="0.361599" m1="-0.365102" m2="-0.857873" m3="0" m4="0.816107" m5="0.568847" m6="0.101899" m7="0" m8="0.450795" m9="-0.736963" m10="0.503657" m11="0" m12="-0.48658" m13="0.157581" m14="-0.0413971" m15="1" />
                <BoneConnect bone_id="-1" num_connections="0" m0="1" m1="0" m2="0" m3="0" m4="0" m5="1" m6="0" m7="0" m8="0" m9="0" m10="1" m11="0" m12="0" m13="0" m14="0" m15="1" />
                <BoneConnect bone_id="-1" num_connections="0" m0="1" m1="0" m2="0" m3="0" m4="0" m5="1" m6="0" m7="0" m8="0" m9="0" m10="1" m11="0" m12="0" m13="0" m14="0" m15="1" />
            </EnvObjectAttachment>
            <EnvObjectAttachment>
                <BoneConnect bone_id="17" num_connections="1" m0="-0.997528" m1="-0.0697979" m2="0.00814757" m3="0" m4="-0.0626294" m5="0.935628" m6="0.347386" m7="0" m8="-0.0318699" m9="0.346017" m10="-0.937687" m11="0" m12="-0.153076" m13="0.375324" m14="-0.0449905" m15="1" />
                <BoneConnect bone_id="-1" num_connections="0" m0="1" m1="0" m2="0" m3="0" m4="0" m5="1" m6="0" m7="0" m8="0" m9="0" m10="1" m11="0" m12="0" m13="0" m14="0" m15="1" />
                <BoneConnect bone_id="-1" num_connections="0" m0="1" m1="0" m2="0" m3="0" m4="0" m5="1" m6="0" m7="0" m8="0" m9="0" m10="1" m11="0" m12="0" m13="0" m14="0" m15="1" />
                <BoneConnect bone_id="-1" num_connections="0" m0="1" m1="0" m2="0" m3="0" m4="0" m5="1" m6="0" m7="0" m8="0" m9="0" m10="1" m11="0" m12="0" m13="0" m14="0" m15="1" />
            </EnvObjectAttachment>
        </EnvObjectAttachments>
        <EnvObject t0="54.2924" t1="18.0401" t2="-19.5233" s0="1" s1="1" s2="1" q0="0.911726" q1="0.0681396" q2="0.0646379" r0="0.982358" r1="0.175949" r2="0.0633637" r3="0" r4="0.0725498" r5="-0.670846" r6="0.738039" r7="0" r8="0.172365" r9="-0.720422" r10="-0.671776" r11="0" r12="0" r13="0" r14="0" r15="1" id="73" color_r="1" color_g="1" color_b="1" type_file="Data/Objects/Gear/DogTools/DogToolAwl.xml">
            <parameters />
        </EnvObject>
        <EnvObject t0="54.3709" t1="18.0241" t2="-19.5098" s0="0.534658" s1="0.598337" s2="0.589105" q0="0.345442" q1="0.442766" q2="-0.47127" r0="0.163725" r1="-0.335119" r2="-0.927841" r3="0" r4="0.946919" r5="0.317148" r6="0.0525439" r7="0" r8="0.276655" r9="-0.887193" r10="0.369256" r11="0" r12="0" r13="0" r14="0" r15="1" id="74" color_r="0.305882" color_g="0.145098" color_b="0.145098" type_file="Data/Objects/Buildings/RopeBall1.xml">
            <parameters />
        </EnvObject>
        <EnvObject t0="55.4228" t1="17.9835" t2="-19.6337" s0="1" s1="1" s2="1" q0="-0.0991166" q1="-0.651184" q2="0.747499" r0="-0.965589" r1="0.257527" r2="-0.0362879" r3="0" r4="0.000645354" r5="-0.137157" r6="-0.990549" r7="0" r8="-0.26007" r9="-0.956487" r10="0.132272" r11="0" r12="0" r13="0" r14="0" r15="1" id="75" color_r="1" color_g="1" color_b="1" type_file="Data/Objects/Gear/DogTools/DogToolAwl.xml">
            <parameters />
        </EnvObject>
        <EnvObject t0="55.3703" t1="18.0072" t2="-19.6076" s0="0.534658" s1="0.598337" s2="0.589105" q0="0.0494868" q1="-0.0933042" q2="0.664319" r0="0.0999486" r1="0.973891" r2="0.203831" r3="0" r4="-0.99236" r5="0.112462" r6="-0.0507321" r7="0" r8="-0.0723308" r9="-0.197203" r10="0.977691" r11="0" r12="0" r13="0" r14="0" r15="1" id="76" color_r="0.305882" color_g="0.145098" color_b="0.145098" type_file="Data/Objects/Buildings/RopeBall1.xml">
            <parameters />
        </EnvObject>
        <EnvObject t0="54.9729" t1="18.107" t2="-19.6213" s0="1" s1="1" s2="1" q0="-0.698715" q1="0.212481" q2="0.320391" r0="0.704404" r1="0.0896717" r2="-0.704113" r3="0" r4="-0.683525" r5="-0.181705" r6="-0.706949" r7="0" r8="-0.191334" r9="0.979256" r10="-0.0667005" r11="0" r12="0" r13="0" r14="0" r15="1" id="77" color_r="1" color_g="1" color_b="1" type_file="Data/Objects/Gear/dog_armor/dog_armor_shoulder_a.xml">
            <parameters />
        </EnvObject>
    </ActorObject>
    <ActorObject t0="-0.981997" t1="18.9671" t2="15.5381" s0="0.999846" s1="0.999846" s2="0.999846" q0="1.39091e-008" q1="1" q2="-0" r0="-1" r1="2.78182e-008" r2="-0" r3="0" r4="2.78182e-008" r5="1" r6="0" r7="0" r8="0" r9="-0" r10="-1" r11="0" r12="0" r13="0" r14="0" r15="1" id="78" type_file="Data/Custom/timbles/therium-2/Objects/IGF_Characters/beetle.xml" is_player="0" is_dead="0">
        <parameters>
            <parameter name="Aggression" type="float" val="0.75" />
            <parameter name="Attack Damage" type="float" val="1" />
            <parameter name="Attack Knockback" type="float" val="1" />
            <parameter name="Attack Speed" type="float" val="1" />
            <parameter name="Block Follow-up" type="float" val="0.5" />
            <parameter name="Block Skill" type="float" val="0.5" />
            <parameter name="Character Scale" type="float" val="1" />
            <parameter name="Damage Resistance" type="float" val="1" />
            <parameter name="Ear Size" type="float" val="1" />
            <parameter name="Fat" type="float" val="0.5" />
            <parameter name="Ground Aggression" type="float" val="0.5" />
            <parameter name="Left handed" type="int" val="0" />
            <parameter name="Lives" type="int" val="1" />
            <parameter name="Movement Speed" type="float" val="1" />
            <parameter name="Muscle" type="float" val="0.5" />
            <parameter name="Static" type="int" val="0" />
            <parameter name="Teams" type="string" val="guard" />
        </parameters>
        <Connections>
            <Connection id="489" />
        </Connections>
        <ItemConnections />
        <Palette />
        <EnvObjectAttachments>
            <EnvObjectAttachment>
