<?xml version="2.0" ?>
<Type>saved</Type>
<Name></Name>
<Description></Description>
<Shader>post</Shader>
<Terrain>
    <Heightmap>Data/Textures/Terrain/TerrainSculpt2/Terrain2_hm.png</Heightmap>
    <DetailMap></DetailMap>
    <ColorMap>Data/Custom/timbles/therium-2/Textures/Terrain/frozen_lake/colour.tga</ColorMap>
    <DetailMaps>
        <DetailMap colorpath="Data/Textures/Terrain/DetailTextures/grass.tga" normalpath="Data/Textures/Terrain/DetailTextures/grass_normal.png" materialpath="Data/Materials/grass.xml" />
        <DetailMap colorpath="Data/Textures/Terrain/DetailTextures/dirt.tga" normalpath="Data/Textures/Terrain/DetailTextures/dirt_normal.png" materialpath="Data/Materials/dirtyrock.xml" />
        <DetailMap colorpath="Data/Textures/Terrain/DetailTextures/mixed.tga" normalpath="Data/Textures/Terrain/DetailTextures/mixed_normal.png" materialpath="Data/Materials/dirtyrock.xml" />
        <DetailMap colorpath="Data/Textures/Terrain/DetailTextures/mixedRocks.tga" normalpath="Data/Textures/Terrain/DetailTextures/mixedRocks_normal.tga" materialpath="Data/Materials//dirtyrock.xml" />
    </DetailMaps>
    <DetailObjects>
        <DetailObject obj_path="Data/Objects/Plants/Groundcover/Grass/WildGrass.xml" weight_path="Data/Custom/timbles/therium-2/Textures/Terrain/frozen_lake/grass.tga" normal_conform="0" density="10" min_embed="0" max_embed="0" min_scale="1" max_scale="1" view_distance="30" jitter_degrees="0" overbright="0" />
    </DetailObjects>
</Terrain>
<OutOfDate NavMesh="true" />
<AmbientSounds>
    <Ambient path="Data/Sounds/ambient/amb_forest_loop" />
</AmbientSounds>
<Script></Script>
<LevelScriptParameters>
    <parameter name="Achievements" type="string" val="flawless, no_alert, no_injuries" />
    <parameter name="HDR Black point" type="string" val="0.013000000000000001" />
    <parameter name="HDR Bloom multiplier" type="string" val="2.0060000000000002" />
    <parameter name="HDR White point" type="string" val="0.919" />
    <parameter name="Level Boundaries" type="string" val="1" />
    <parameter name="Objectives" type="string" val="must_visit_trigger" />
    <parameter name="Sky Rotation" type="string" val="94" />
</LevelScriptParameters>
<Sky>
    <DomeTexture>Data/Textures/skies/DarkSunset.tga</DomeTexture>
    <SunAngularRad>0.167491</SunAngularRad>
    <SunColorAngle>157.465</SunColorAngle>
    <RayToSun r0="0.964122" r1="0.232633" r2="0.127869" />
</Sky>
<ActorObjects>
    <CameraObject t0="145.473" t1="62.1529" t2="254.665" s0="1" s1="1" s2="1" q0="0.266746" q1="-0.26303" q2="0.0759278" r0="0.850101" r1="7.45058e-008" r2="0.52662" r3="0" r4="-0.280649" r5="0.846163" r6="0.45304" r7="0" r8="-0.445606" r9="-0.532925" r10="0.719323" r11="0" r12="0" r13="0" r14="0" r15="1" id="7">
        <parameters />
    </CameraObject>
    <EnvObject t0="-170.39" t1="-5.57067" t2="139.964" s0="1.8825" s1="2.47505" s2="2.14543" q0="0.00861693" q1="0.910447" q2="-0.00271583" r0="-0.657842" r1="0.0134444" r2="-0.753036" r3="0" r4="0.0179367" r5="0.999837" r6="0.00218143" r7="0" r8="0.752942" r9="-0.0120719" r10="-0.657976" r11="0" r12="0" r13="0" r14="0" r15="1" id="1" color_r="1" color_g="1" color_b="1" type_file="Data/Objects/Environment/Rocks/strata_rocks/strata_rock_block.xml">
        <parameters />
    </EnvObject>
    <EnvObject t0="-157.456" t1="-5.78497" t2="134.269" s0="1.3627" s1="1.79163" s2="1.55303" q0="-0.000393093" q1="-0.163795" q2="-0.00902623" r0="0.946179" r1="-0.0176791" r2="0.323159" r3="0" r4="0.0179367" r5="0.999837" r6="0.00218137" r7="0" r8="-0.323145" r9="0.00373244" r10="0.946342" r11="0" r12="0" r13="0" r14="0" r15="1" id="2" color_r="1" color_g="1" color_b="1" type_file="Data/Objects/Environment/Rocks/strata_rocks/strata_rock_block.xml">
        <parameters />
    </EnvObject>
    <EnvObject t0="-122.449" t1="-7.62996" t2="150.331" s0="1.69098" s1="1.47568" s2="1.55303" q0="-0.00677484" q1="-0.824216" q2="-0.00597733" r0="-0.358736" r1="0.00439909" r2="0.933429" r3="0" r4="0.0179366" r5="0.999837" r6="0.00218135" r7="0" r8="-0.933267" r9="0.0175251" r10="-0.358756" r11="0" r12="0" r13="0" r14="0" r15="1" id="3" color_r="1" color_g="1" color_b="1" type_file="Data/Objects/Environment/Rocks/strata_rocks/strata_rock_block.xml">
        <parameters />
    </EnvObject>
    <EnvObject t0="31.318" t1="-3.96953" t2="226.486" s0="1.19393" s1="1.43673" s2="1.38321" q0="-0.0154374" q1="0.886426" q2="0.0358182" r0="-0.574068" r1="0.00567222" r2="-0.818788" r3="0" r4="-0.0604087" r5="0.996958" r6="0.0492602" r7="0" r8="0.816576" r9="0.0777406" r10="-0.571979" r11="0" r12="0" r13="0" r14="0" r15="1" id="4" color_r="1" color_g="1" color_b="1" type_file="Data/Objects/Environment/Rocks/strata_rocks/strata_rock_block.xml">
        <parameters />
    </EnvObject>
    <EnvObject t0="24.2976" t1="-5.55145" t2="235.504" s0="1.19393" s1="1.43673" s2="1.38321" q0="0.0358181" q1="-0.46122" q2="0.0154373" r0="0.574076" r1="-0.00567194" r2="0.818783" r3="0" r4="-0.0604082" r5="0.996958" r6="0.0492604" r7="0" r8="-0.816571" r9="-0.0777403" r10="0.571986" r11="0" r12="0" r13="0" r14="0" r15="1" id="5" color_r="1" color_g="1" color_b="1" type_file="Data/Objects/Environment/Rocks/strata_rocks/strata_rock_block.xml">
        <parameters />
    </EnvObject>
    <EnvObject t0="-45.178" t1="-1.0091" t2="145.307" s0="3.73484" s1="2.17555" s2="1.55262" q0="1.39091e-008" q1="-1" q2="-0" r0="-1" r1="-2.78182e-008" r2="0" r3="0" r4="-2.78182e-008" r5="1" r6="0" r7="0" r8="-0" r9="0" r10="-1" r11="0" r12="0" r13="0" r14="0" r15="1" id="11" color_r="1" color_g="1" color_b="1" type_file="Data/Objects/Environment/Rocks/strata_rocks/strata_rock_facade.xml">
        <parameters />
    </EnvObject>
    <EnvObject t0="-151.814" t1="-6.59628" t2="156.95" s0="0.760908" s1="1.00042" s2="0.867184" q0="-0.0241818" q1="0.975594" q2="0.0306022" r0="-0.90544" r1="-0.0339575" r2="-0.423113" r3="0" r4="-0.0604089" r5="0.996957" r6="0.0492597" r7="0" r8="0.420153" r9="0.0701616" r10="-0.904737" r11="0" r12="0" r13="0" r14="0" r15="1" id="12" color_r="1" color_g="1" color_b="1" type_file="Data/Objects/Environment/Rocks/strata_rocks/strata_rock_block.xml">
        <parameters />
    </EnvObject>
    <ActorObject t0="-159.181" t1="-6.51188" t2="152.57" s0="1" s1="1" s2="1" q0="0.0185924" q1="0.992765" q2="0.00250234" r0="-0.971177" r1="0.0375093" r2="-0.235389" r3="0" r4="0.0363222" r5="0.999296" r6="0.00937854" r7="0" r8="0.235575" r9="0.000558397" r10="-0.971856" r11="0" r12="0" r13="0" r14="0" r15="1" id="13" type_file="Data\Custom\timbles\therium-2\Objects\IGF_Characters\ghostspawninjured.xml" is_player="1" is_dead="0">
        <parameters>
            <parameter name="Aggression" type="string" val="0.5" />
            <parameter name="Attack Damage" type="string" val="0.5" />
            <parameter name="Attack Knockback" type="string" val="0.5" />
            <parameter name="Attack Speed" type="string" val="0.6000000000000001" />
            <parameter name="Block Follow-up" type="string" val="0.5" />
            <parameter name="Block Skill" type="string" val="0.5" />
            <parameter name="Character Scale" type="string" val="1" />
            <parameter name="Damage Resistance" type="string" val="0.8" />
            <parameter name="Ear Size" type="string" val="1" />
            <parameter name="Fat" type="string" val="0.5" />
            <parameter name="Ground Aggression" type="string" val="0.5" />
            <parameter name="Left handed" type="string" val="0" />
            <parameter name="Lives" type="string" val="1" />
            <parameter name="Movement Speed" type="string" val="0.8" />
            <parameter name="Muscle" type="string" val="0.5" />
            <parameter name="Static" type="string" val="0" />
            <parameter name="Teams" type="string" val="player, Ghost" />
        </parameters>
        <Connections>
            <Connection id="-1" />
        </Connections>
        <ItemConnections />
        <Palette />
    </ActorObject>
    <EnvObject t0="-35.5789" t1="-5.64898" t2="147.704" s0="2.32388" s1="1.09065" s2="1.08772" q0="-0" q1="-0.707107" q2="-0" r0="-5.96046e-007" r1="0" r2="1" r3="0" r4="0" r5="1" r6="0" r7="0" r8="-1" r9="0" r10="-5.96046e-007" r11="0" r12="0" r13="0" r14="0" r15="1" id="14" color_r="1" color_g="1" color_b="1" type_file="Data/Objects/Environment/Rocks/strata_rocks/strata_rock_facade.xml">
        <parameters />
    </EnvObject>
    <EnvObject t0="-105.44" t1="-1.92029" t2="160.173" s0="3.10321" s1="1.99311" s2="1.96094" q0="-0.000729561" q1="-0.742706" q2="0.0819607" r0="-0.11666" r1="0.110023" r2="0.987059" r3="0" r4="-0.107856" r5="0.986564" r6="-0.122715" r7="0" r8="-0.987298" r9="-0.120776" r10="-0.103225" r11="0" r12="0" r13="0" r14="0" r15="1" id="16" color_r="1" color_g="1" color_b="1" type_file="Data/Objects/Environment/Rocks/strata_rocks/strata_rock_facade.xml">
        <parameters />
    </EnvObject>
    <EnvObject t0="-71.6846" t1="-3.18148" t2="156.256" s0="3.43687" s1="1.62574" s2="1.96094" q0="0" q1="0" q2="0" r0="1" r1="0" r2="0" r3="0" r4="0" r5="1" r6="0" r7="0" r8="0" r9="0" r10="1" r11="0" r12="0" r13="0" r14="0" r15="1" id="17" color_r="1" color_g="1" color_b="1" type_file="Data/Objects/Environment/Rocks/strata_rocks/strata_rock_facade.xml">
        <parameters />
    </EnvObject>
    <EnvObject t0="-105.91" t1="-5.11627" t2="179.641" s0="1.02714" s1="0.932971" s2="0.928133" q0="0.0233007" q1="0.0437846" q2="0.0312781" r0="0.994209" r1="0.064489" r2="-0.0859609" r3="0" r4="-0.0604081" r5="0.996958" r6="0.0492602" r7="0" r8="0.0888761" r9="-0.0437822" r10="0.99508" r11="0" r12="0" r13="0" r14="0" r15="1" id="20" color_r="1" color_g="1" color_b="1" type_file="Data/Objects/Environment/Rocks/strata_rocks/strata_rock_block.xml">
        <parameters />
    </EnvObject>
    <EnvObject t0="-104.829" t1="-2.00899" t2="188.572" s0="7.18954" s1="5.81697" s2="3.772" q0="-5.96046e-008" q1="-0.00589678" q2="-5.96046e-008" r0="0.99993" r1="-1.18504e-007" r2="0.0117934" r3="0" r4="1.1991e-007" r5="1" r6="-1.18504e-007" r7="0" r8="-0.0117934" r9="1.1991e-007" r10="0.99993" r11="0" r12="0" r13="0" r14="0" r15="1" id="21" color_r="1" color_g="1" color_b="1" type_file="Data/Objects/primitives/edged_cube.xml">
        <parameters />
    </EnvObject>
    <EnvObject t0="-101.116" t1="-7.52647" t2="174.44" s0="0.893176" s1="0.811286" s2="0.80708" q0="-0.0056409" q1="0.736849" q2="0.0385932" r0="-0.0888718" r1="0.0437825" r2="-0.99508" r3="0" r4="-0.0604085" r5="0.996957" r6="0.0492603" r7="0" r8="0.994209" r9="0.0644892" r10="-0.0859566" r11="0" r12="0" r13="0" r14="0" r15="1" id="22" color_r="1" color_g="1" color_b="1" type_file="Data/Objects/Environment/Rocks/strata_rocks/strata_rock_block.xml">
        <parameters />
    </EnvObject>
    <EnvObject t0="-71.3412" t1="-3.85321" t2="180.652" s0="1.37827" s1="1.08069" s2="1.27116" q0="0" q1="0.5" q2="-5.96046e-008" r0="0.5" r1="-1.03238e-007" r2="-0.866025" r3="0" r4="1.03238e-007" r5="1" r6="-5.96046e-008" r7="0" r8="0.866025" r9="-5.96046e-008" r10="0.5" r11="0" r12="0" r13="0" r14="0" r15="1" id="23" color_r="1" color_g="1" color_b="1" type_file="Data/Objects/Environment/Rocks/strata_rocks/strata_rock_block.xml">
        <parameters />
    </EnvObject>
    <EnvObject t0="-58.998" t1="-8.0736" t2="174.929" s0="0.60534" s1="0.325945" s2="0.29276" q0="-0" q1="0.699115" q2="-0" r0="0.0224765" r1="-0" r2="-0.999747" r3="0" r4="0" r5="1" r6="-0" r7="0" r8="0.999747" r9="0" r10="0.0224765" r11="0" r12="0" r13="0" r14="0" r15="1" id="24" color_r="0.564706" color_g="0.509804" color_b="0.478431" type_file="Data/Objects/Environment/Rocks/strata_rocks/strata_rock_facade.xml">
        <parameters />
    </EnvObject>
    <EnvObject t0="-79.362" t1="-3.07494" t2="160.428" s0="1.56267" s1="1.46429" s2="1.28795" q0="0" q1="0" q2="0" r0="1" r1="0" r2="0" r3="0" r4="0" r5="1" r6="0" r7="0" r8="0" r9="0" r10="1" r11="0" r12="0" r13="0" r14="0" r15="1" id="25" color_r="1" color_g="1" color_b="1" type_file="Data/Objects/Environment/Rocks/strata_rocks/strata_rock_block.xml">
        <parameters />
    </EnvObject>
    <EnvObject t0="-59.9387" t1="-7.10474" t2="157.888" s0="0.256652" s1="0.201238" s2="0.236707" q0="0" q1="-0.707107" q2="0" r0="-5.96046e-007" r1="0" r2="1" r3="0" r4="-0" r5="1" r6="0" r7="0" r8="-1" r9="-0" r10="-5.96046e-007" r11="0" r12="0" r13="0" r14="0" r15="1" id="26" color_r="1" color_g="1" color_b="1" type_file="Data/Objects/Environment/Rocks/strata_rocks/strata_rock_block.xml">
        <parameters />
    </EnvObject>
    <EnvObject t0="-55.2214" t1="-7.74686" t2="166.876" s0="0.248469" s1="0.248469" s2="0.248469" q0="-0.0182477" q1="-0.987699" q2="0.0110457" r0="-0.951343" r1="0.0394685" r2="0.305597" r3="0" r4="0.0326244" r5="0.99909" r6="-0.027473" r7="0" r8="-0.306403" r9="-0.0161663" r10="-0.951765" r11="0" r12="0" r13="0" r14="0" r15="1" id="27" color_r="1" color_g="1" color_b="1" type_file="Data/Objects/Environment/Rocks/lichen_rock_c.xml">
        <parameters />
    </EnvObject>
    <EnvObject t0="-64.9982" t1="-4.92849" t2="176.685" s0="0.933302" s1="0.82067" s2="0.965315" q0="0" q1="-0.707107" q2="0" r0="-5.96046e-007" r1="0" r2="1" r3="0" r4="-0" r5="1" r6="0" r7="0" r8="-1" r9="-0" r10="-5.96046e-007" r11="0" r12="0" r13="0" r14="0" r15="1" id="28" color_r="1" color_g="1" color_b="1" type_file="Data/Objects/Environment/Rocks/strata_rocks/strata_rock_block.xml">
        <parameters />
    </EnvObject>
    <EnvObject t0="-38.983" t1="-7.71097" t2="174.867" s0="1.61172" s1="1.61172" s2="1.61172" q0="0.0121622" q1="-0.883308" q2="0.0112637" r0="-0.56072" r1="-0.0109319" r2="0.827933" r3="0" r4="-0.03204" r5="0.99945" r6="-0.00850265" r7="0" r8="-0.827385" r9="-0.0312946" r10="-0.560762" r11="0" r12="0" r13="0" r14="0" r15="1" id="29" color_r="1" color_g="1" color_b="1" type_file="Data/Objects/Environment/Rocks/lichen_rubble.xml">
        <parameters />
    </EnvObject>
    <EnvObject t0="-53.1325" t1="-6.98746" t2="160.196" s0="1" s1="1" s2="1" q0="0.00198834" q1="0.580573" q2="0.00893053" r0="0.32571" r1="0.0168505" r2="-0.945319" r3="0" r4="-0.0122329" r5="0.999833" r6="0.0136073" r7="0" r8="0.94539" r9="0.00713201" r10="0.325862" r11="0" r12="0" r13="0" r14="0" r15="1" id="30" color_r="1" color_g="1" color_b="1" type_file="Data/Objects/plants/trees/temperate/evergreen_sapling.xml">
        <parameters />
    </EnvObject>
    <EnvObject t0="-44.5962" t1="-7.34044" t2="171.254" s0="1.64858" s1="1.64858" s2="1.64858" q0="-0.00511563" q1="0.851579" q2="-0.0114673" r0="-0.450637" r1="-0.0207322" r2="-0.892467" r3="0" r4="0.00330674" r5="0.999685" r6="-0.0248926" r7="0" r8="0.892701" r9="-0.0141687" r10="-0.450426" r11="0" r12="0" r13="0" r14="0" r15="1" id="31" color_r="1" color_g="1" color_b="1" type_file="Data/Objects/Environment/Rocks/lichen_rubble.xml">
        <parameters />
    </EnvObject>
    <EnvObject t0="-60.23" t1="-8.0736" t2="169.195" s0="0.60534" s1="0.325945" s2="0.29276" q0="-0" q1="0.699115" q2="-0" r0="0.0224765" r1="-0" r2="-0.999747" r3="0" r4="0" r5="1" r6="-0" r7="0" r8="0.999747" r9="0" r10="0.0224765" r11="0" r12="0" r13="0" r14="0" r15="1" id="32" color_r="0.564706" color_g="0.509804" color_b="0.478431" type_file="Data/Objects/Environment/Rocks/strata_rocks/strata_rock_facade.xml">
        <parameters />
    </EnvObject>
    <EnvObject t0="-47.5981" t1="-7.44186" t2="154.591" s0="0.643981" s1="0.471314" s2="0.463648" q0="0" q1="0.707107" q2="0" r0="-5.96046e-007" r1="0" r2="-1" r3="0" r4="0" r5="1" r6="0" r7="0" r8="1" r9="0" r10="-5.96046e-007" r11="0" r12="0" r13="0" r14="0" r15="1" id="33" color_r="1" color_g="1" color_b="1" type_file="Data/Objects/Environment/Rocks/strata_rocks/strata_rock_block.xml">
        <parameters />
    </EnvObject>
    <EnvObject t0="-28.927" t1="-5.71492" t2="150.354" s0="2.43875" s1="1.26372" s2="0.972864" q0="0" q1="0" q2="0" r0="1" r1="0" r2="0" r3="0" r4="0" r5="1" r6="0" r7="0" r8="0" r9="0" r10="1" r11="0" r12="0" r13="0" r14="0" r15="1" id="34" color_r="1" color_g="1" color_b="1" type_file="Data/Objects/Environment/Rocks/strata_rocks/strata_rock_facade.xml">
        <parameters />
    </EnvObject>
    <EnvObject t0="-81.222" t1="-3.37084" t2="187.083" s0="2.23384" s1="1.75154" s2="1.88343" q0="0.0312782" q1="-0.998277" q2="-0.0233007" r0="-0.9942" r1="-0.0644915" r2="0.086066" r3="0" r4="-0.0604057" r5="0.996958" r6="0.0492634" r7="0" r8="-0.0889812" r9="0.0437788" r10="-0.995071" r11="0" r12="0" r13="0" r14="0" r15="1" id="35" color_r="1" color_g="1" color_b="1" type_file="Data/Objects/Environment/Rocks/strata_rocks/strata_rock_block.xml">
        <parameters />
    </EnvObject>
    <EnvObject t0="-120.618" t1="37.2284" t2="13.377" s0="3.72119" s1="1.27884" s2="6.07038" q0="0" q1="-0.711264" q2="0" r0="-0.011793" r1="0" r2="0.99993" r3="0" r4="-0" r5="1" r6="0" r7="0" r8="-0.99993" r9="-0" r10="-0.011793" r11="0" r12="0" r13="0" r14="0" r15="1" id="36" color_r="0" color_g="0.701961" color_b="1" type_file="Data/Objects/primitives/edged_cube.xml">
        <parameters />
    </EnvObject>
    <ActorObject t0="-123.785" t1="39.4641" t2="13.3614" s0="1" s1="1" s2="1" q0="0" q1="0" q2="0" r0="1" r1="0" r2="0" r3="0" r4="0" r5="1" r6="0" r7="0" r8="0" r9="0" r10="1" r11="0" r12="0" r13="0" r14="0" r15="1" id="37" type_file="Data/Custom/timbles/therium-2/Objects/IGF_Characters/reaper.xml" is_player="0" is_dead="0">
        <parameters>
            <parameter name="Aggression" type="string" val="1" />
            <parameter name="Attack Damage" type="string" val="1.4000000000000001" />
            <parameter name="Attack Knockback" type="string" val="1" />
            <parameter name="Attack Speed" type="string" val="1.4000000000000001" />
            <parameter name="Block Follow-up" type="string" val="0.5" />
            <parameter name="Block Skill" type="string" val="0.5" />
            <parameter name="Character Scale" type="string" val="1.2" />
            <parameter name="Damage Resistance" type="string" val="2000000" />
            <parameter name="Ear Size" type="string" val="1" />
            <parameter name="Fat" type="string" val="0.5" />
            <parameter name="Ground Aggression" type="string" val="0.5" />
            <parameter name="Left handed" type="string" val="0" />
            <parameter name="Lives" type="string" val="1" />
            <parameter name="Movement Speed" type="string" val="1.4500000000000003" />
            <parameter name="Muscle" type="string" val="0.6000000000000001" />
            <parameter name="Static" type="int" val="0" />
            <parameter name="Teams" type="string" val="guard" />
        </parameters>
        <Connections>
            <Connection id="-1" />
        </Connections>
        <ItemConnections />
        <Palette />
        <EnvObjectAttachments>
            <EnvObjectAttachment>
                <BoneConnect bone_id="17" num_connections="1" m0="-0.303408" m1="0.0349869" m2="-0.952218" m3="0" m4="-0.319357" m5="0.937794" m6="0.136215" m7="0" m8="0.89775" m9="0.345426" m10="-0.273361" m11="0" m12="-0.196457" m13="0.390697" m14="-0.000656128" m15="1" />
                <BoneConnect bone_id="-1" num_connections="0" m0="1" m1="0" m2="0" m3="0" m4="0" m5="1" m6="0" m7="0" m8="0" m9="0" m10="1" m11="0" m12="0" m13="0" m14="0" m15="1" />
                <BoneConnect bone_id="-1" num_connections="0" m0="1" m1="0" m2="0" m3="0" m4="0" m5="1" m6="0" m7="0" m8="0" m9="0" m10="1" m11="0" m12="0" m13="0" m14="0" m15="1" />
                <BoneConnect bone_id="-1" num_connections="0" m0="1" m1="0" m2="0" m3="0" m4="0" m5="1" m6="0" m7="0" m8="0" m9="0" m10="1" m11="0" m12="0" m13="0" m14="0" m15="1" />
            </EnvObjectAttachment>
            <EnvObjectAttachment>
                <BoneConnect bone_id="4" num_connections="1" m0="0.0385005" m1="-0.00290293" m2="0.999254" m3="0" m4="0.477239" m5="0.878631" m6="-0.0158352" m7="0" m8="-0.87793" m9="0.477493" m10="0.0352132" m11="0" m12="0.215073" m13="0.38089" m14="-0.0215454" m15="1" />
                <BoneConnect bone_id="-1" num_connections="0" m0="1" m1="0" m2="0" m3="0" m4="0" m5="1" m6="0" m7="0" m8="0" m9="0" m10="1" m11="0" m12="0" m13="0" m14="0" m15="1" />
                <BoneConnect bone_id="-1" num_connections="0" m0="1" m1="0" m2="0" m3="0" m4="0" m5="1" m6="0" m7="0" m8="0" m9="0" m10="1" m11="0" m12="0" m13="0" m14="0" m15="1" />
                <BoneConnect bone_id="-1" num_connections="0" m0="1" m1="0" m2="0" m3="0" m4="0" m5="1" m6="0" m7="0" m8="0" m9="0" m10="1" m11="0" m12="0" m13="0" m14="0" m15="1" />
            </EnvObjectAttachment>
            <EnvObjectAttachment>
                <BoneConnect bone_id="2" num_connections="2" m0="0.982662" m1="-0.0202817" m2="0.184291" m3="0" m4="-0.18382" m5="0.0230767" m6="0.982689" m7="0" m8="-0.0241835" m9="-0.999528" m10="0.0189484" m11="0" m12="0.101387" m13="0.226349" m14="0.108047" m15="1" />
                <BoneConnect bone_id="-1" num_connections="0" m0="1" m1="0" m2="0" m3="0" m4="0" m5="1" m6="0" m7="0" m8="0" m9="0" m10="1" m11="0" m12="0" m13="0" m14="0" m15="1" />
                <BoneConnect bone_id="-1" num_connections="0" m0="1" m1="0" m2="0" m3="0" m4="0" m5="1" m6="0" m7="0" m8="0" m9="0" m10="1" m11="0" m12="0" m13="0" m14="0" m15="1" />
                <BoneConnect bone_id="-1" num_connections="0" m0="1" m1="0" m2="0" m3="0" m4="0" m5="1" m6="0" m7="0" m8="0" m9="0" m10="1" m11="0" m12="0" m13="0" m14="0" m15="1" />
            </EnvObjectAttachment>
            <EnvObjectAttachment>
                <BoneConnect bone_id="31" num_connections="1" m0="0.998337" m1="-0.023649" m2="-0.0525675" m3="0" m4="0.0202926" m5="0.997776" m6="-0.0634903" m7="0" m8="0.053952" m9="0.062318" m10="0.996597" m11="0" m12="0.000808716" m13="0.488945" m14="0.0865707" m15="1" />
                <BoneConnect bone_id="-1" num_connections="0" m0="1" m1="0" m2="0" m3="0" m4="0" m5="1" m6="0" m7="0" m8="0" m9="0" m10="1" m11="0" m12="0" m13="0" m14="0" m15="1" />
                <BoneConnect bone_id="-1" num_connections="0" m0="1" m1="0" m2="0" m3="0" m4="0" m5="1" m6="0" m7="0" m8="0" m9="0" m10="1" m11="0" m12="0" m13="0" m14="0" m15="1" />
                <BoneConnect bone_id="-1" num_connections="0" m0="1" m1="0" m2="0" m3="0" m4="0" m5="1" m6="0" m7="0" m8="0" m9="0" m10="1" m11="0" m12="0" m13="0" m14="0" m15="1" />
            </EnvObjectAttachment>
            <EnvObjectAttachment>
                <BoneConnect bone_id="2" num_connections="1" m0="0.982662" m1="-0.0202817" m2="0.184291" m3="0" m4="-0.18382" m5="0.0230769" m6="0.982689" m7="0" m8="-0.0241835" m9="-0.999528" m10="0.0189486" m11="0" m12="-0.124245" m13="0.23595" m14="0.0811768" m15="1" />
                <BoneConnect bone_id="-1" num_connections="0" m0="1" m1="0" m2="0" m3="0" m4="0" m5="1" m6="0" m7="0" m8="0" m9="0" m10="1" m11="0" m12="0" m13="0" m14="0" m15="1" />
                <BoneConnect bone_id="-1" num_connections="0" m0="1" m1="0" m2="0" m3="0" m4="0" m5="1" m6="0" m7="0" m8="0" m9="0" m10="1" m11="0" m12="0" m13="0" m14="0" m15="1" />
                <BoneConnect bone_id="-1" num_connections="0" m0="1" m1="0" m2="0" m3="0" m4="0" m5="1" m6="0" m7="0" m8="0" m9="0" m10="1" m11="0" m12="0" m13="0" m14="0" m15="1" />
            </EnvObjectAttachment>
            <EnvObjectAttachment>
                <BoneConnect bone_id="6" num_connections="1" m0="-0.166664" m1="0.176711" m2="-0.97005" m3="0" m4="0.598168" m5="0.800216" m6="0.0430016" m7="0" m8="0.783848" m9="-0.573086" m10="-0.23907" m11="0" m12="0.331467" m13="0.311981" m14="-0.0262756" m15="1" />
                <BoneConnect bone_id="7" num_connections="1" m0="-0.665355" m1="-0.666873" m2="-0.335534" m3="0" m4="0.243007" m5="0.231506" m6="-0.941994" m7="0" m8="0.705868" m9="-0.708298" m10="0.00802101" m11="0" m12="0.291634" m13="0.298241" m14="-0.103546" m15="1" />
                <BoneConnect bone_id="-1" num_connections="0" m0="1" m1="0" m2="0" m3="0" m4="0" m5="1" m6="0" m7="0" m8="0" m9="0" m10="1" m11="0" m12="0" m13="0" m14="0" m15="1" />
                <BoneConnect bone_id="-1" num_connections="0" m0="1" m1="0" m2="0" m3="0" m4="0" m5="1" m6="0" m7="0" m8="0" m9="0" m10="1" m11="0" m12="0" m13="0" m14="0" m15="1" />
            </EnvObjectAttachment>
            <EnvObjectAttachment>
                <BoneConnect bone_id="8" num_connections="1" m0="-0.379827" m1="-0.882831" m2="-0.276299" m3="0" m4="0.155559" m5="0.233473" m6="-0.95984" m7="0" m8="0.911884" m9="-0.407554" m10="0.0486529" m11="0" m12="0.471321" m13="0.175568" m14="-0.0863342" m15="1" />
                <BoneConnect bone_id="9" num_connections="1" m0="0.179965" m1="-0.0226704" m2="-0.983412" m3="0" m4="0.453818" m5="0.888896" m6="0.0625575" m7="0" m8="0.872732" m9="-0.457548" m10="0.170258" m11="0" m12="0.4674" m13="0.214371" m14="-0.0269775" m15="1" />
                <BoneConnect bone_id="-1" num_connections="0" m0="1" m1="0" m2="0" m3="0" m4="0" m5="1" m6="0" m7="0" m8="0" m9="0" m10="1" m11="0" m12="0" m13="0" m14="0" m15="1" />
                <BoneConnect bone_id="-1" num_connections="0" m0="1" m1="0" m2="0" m3="0" m4="0" m5="1" m6="0" m7="0" m8="0" m9="0" m10="1" m11="0" m12="0" m13="0" m14="0" m15="1" />
            </EnvObjectAttachment>
            <EnvObjectAttachment>
                <BoneConnect bone_id="19" num_connections="1" m0="0.0764275" m1="0.323348" m2="-0.943189" m3="-0" m4="-0.662772" m5="0.723195" m6="0.194224" m7="0" m8="0.744911" m9="0.610275" m10="0.269578" m11="0" m12="-0.323746" m13="0.308197" m14="-0.0119019" m15="1" />
                <BoneConnect bone_id="20" num_connections="1" m0="0.301424" m1="-0.0534857" m2="-0.951989" m3="-0" m4="-0.655923" m5="0.713014" m6="-0.247742" m7="0" m8="0.692032" m9="0.699107" m10="0.179837" m11="0" m12="-0.306427" m13="0.327694" m14="-0.0413208" m15="1" />
                <BoneConnect bone_id="-1" num_connections="0" m0="1" m1="0" m2="0" m3="0" m4="0" m5="1" m6="0" m7="0" m8="0" m9="0" m10="1" m11="0" m12="0" m13="0" m14="0" m15="1" />
                <BoneConnect bone_id="-1" num_connections="0" m0="1" m1="0" m2="0" m3="0" m4="0" m5="1" m6="0" m7="0" m8="0" m9="0" m10="1" m11="0" m12="0" m13="0" m14="0" m15="1" />
            </EnvObjectAttachment>
            <EnvObjectAttachment>
                <BoneConnect bone_id="21" num_connections="1" m0="-0.117457" m1="0.217453" m2="0.968978" m3="0" m4="-0.508193" m5="0.825132" m6="-0.246774" m7="0" m8="-0.853196" m9="-0.521413" m10="0.0135908" m11="0" m12="-0.469719" m13="0.207596" m14="-0.0548248" m15="1" />
                <BoneConnect bone_id="22" num_connections="1" m0="0.330047" m1="-0.58207" m2="0.743144" m3="0" m4="-0.339844" m5="0.661201" m6="0.66882" m7="0" m8="-0.880667" m9="-0.473295" m10="0.0204149" m11="0" m12="-0.44693" m13="0.212265" m14="-0.00866318" m15="1" />
                <BoneConnect bone_id="-1" num_connections="0" m0="1" m1="0" m2="0" m3="0" m4="0" m5="1" m6="0" m7="0" m8="0" m9="0" m10="1" m11="0" m12="0" m13="0" m14="0" m15="1" />
                <BoneConnect bone_id="-1" num_connections="0" m0="1" m1="0" m2="0" m3="0" m4="0" m5="1" m6="0" m7="0" m8="0" m9="0" m10="1" m11="0" m12="0" m13="0" m14="0" m15="1" />
            </EnvObjectAttachment>
        </EnvObjectAttachments>
        <EnvObject t0="-123.997" t1="39.8652" t2="13.3789" s0="1" s1="1" s2="1" q0="-0.105636" q1="0.821262" q2="0.195099" r0="-0.42507" r1="0.0315964" r2="-0.904609" r3="0" r4="-0.378616" r5="0.901555" r6="0.209399" r7="0" r8="0.822171" r9="0.431509" r10="-0.371261" r11="0" r12="0" r13="0" r14="0" r15="1" id="38" color_r="1" color_g="1" color_b="1" type_file="Data/Objects/environment/bones/dogskull.xml">
            <parameters />
        </EnvObject>
        <EnvObject t0="-123.552" t1="39.8508" t2="13.3006" s0="1" s1="1" s2="1" q0="-0.218748" q1="-0.613344" q2="-0.205922" r0="0.16281" r1="-0.0324943" r2="0.986122" r3="0" r4="0.569166" r5="0.819491" r6="-0.0669665" r7="0" r8="-0.805942" r9="0.57217" r10="0.151916" r11="0" r12="0" r13="0" r14="0" r15="1" id="39" color_r="1" color_g="1" color_b="1" type_file="Data/Objects/environment/bones/dogskull.xml">
            <parameters />
        </EnvObject>
        <EnvObject t0="-123.666" t1="39.7061" t2="13.4411" s0="-1.14626" s1="0.999941" s2="0.993754" q0="0.698588" q1="-0.0223854" q2="0.0180931" r0="0.998343" r1="-0.00540525" r2="0.0572879" r3="0" r4="-0.0571475" r5="0.0232957" r6="0.998094" r7="0" r8="-0.00672951" r9="-0.999714" r10="0.0229482" r11="0" r12="0" r13="0" r14="0" r15="1" id="40" color_r="1" color_g="1" color_b="1" type_file="Data/Objects/environment/bones/doglegbone.xml">
            <parameters />
        </EnvObject>
        <EnvObject t0="-123.793" t1="39.9789" t2="13.4487" s0="1.7977" s1="1.74739" s2="1.74737" q0="0.14474" q1="-0.0256668" q2="0.00770464" r0="0.998564" r1="0.00781141" r2="0.0530047" r3="0" r4="-0.0226714" r5="0.957982" r6="0.285931" r7="0" r8="-0.048544" r9="-0.286722" r10="0.956783" r11="0" r12="0" r13="0" r14="0" r15="1" id="41" color_r="1" color_g="1" color_b="1" type_file="Data/Objects/gear/ratjunk/ratjunkbirdskull.xml">
            <parameters />
        </EnvObject>
        <EnvObject t0="-123.893" t1="39.7123" t2="13.4432" s0="1" s1="1" s2="1" q0="0.698588" q1="-0.0223854" q2="0.0180931" r0="0.998343" r1="-0.00540523" r2="0.0572879" r3="0" r4="-0.0571474" r5="0.0232959" r6="0.998094" r7="0" r8="-0.0067295" r9="-0.999714" r10="0.0229484" r11="0" r12="0" r13="0" r14="0" r15="1" id="42" color_r="1" color_g="1" color_b="1" type_file="Data/Objects/environment/bones/doglegbone.xml">
            <parameters />
        </EnvObject>
        <EnvObject t0="-123.52" t1="39.648" t2="13.2411" s0="2.60623" s1="0.999932" s2="0.960087" q0="0.348697" q1="0.678568" q2="-0.587912" r0="-0.612189" r1="0.157032" r2="-0.774962" r3="0" r4="0.789427" r5="0.0655394" r6="-0.610336" r7="0" r8="-0.0450516" r9="-0.985416" r10="-0.164088" r11="0" r12="0" r13="0" r14="0" r15="1" id="43" color_r="1" color_g="1" color_b="1" type_file="Data/Objects/environment/bones/dogarmbone.xml">
            <parameters />
        </EnvObject>
        <EnvObject t0="-123.498" t1="39.4048" t2="13.2667" s0="2.60623" s1="0.999932" s2="0.960087" q0="0.196095" q1="0.573601" q2="-0.680495" r0="-0.584183" r1="-0.335291" r2="-0.739128" r3="0" r4="0.785212" r5="-0.00305378" r6="-0.61922" r7="0" r8="0.205362" r9="-0.94211" r10="0.265058" r11="0" r12="0" r13="0" r14="0" r15="1" id="44" color_r="1" color_g="1" color_b="1" type_file="Data/Objects/environment/bones/dogarmbone.xml">
            <parameters />
        </EnvObject>
        <EnvObject t0="-124.053" t1="39.6472" t2="13.3294" s0="2.29342" s1="0.802602" s2="0.998105" q0="-0.409673" q1="0.407513" q2="0.618941" r0="-0.0983101" r1="0.324647" r2="-0.940712" r3="0" r4="-0.992435" r5="-0.10184" r6="0.0685697" r7="0" r8="-0.0735414" r9="0.940336" r10="0.332203" r11="0" r12="0" r13="0" r14="0" r15="1" id="45" color_r="1" color_g="1" color_b="1" type_file="Data/Objects/environment/bones/dogarmbone.xml">
            <parameters />
        </EnvObject>
        <EnvObject t0="-124.053" t1="39.4285" t2="13.342" s0="2.29342" s1="0.802602" s2="0.998105" q0="0.497905" q1="-0.318921" q2="0.413252" r0="0.455024" r1="0.254797" r2="0.853248" r3="0" r4="-0.889966" r5="0.162628" r6="0.426042" r7="0" r8="-0.0302079" r9="-0.953221" r10="0.30076" r11="0" r12="0" r13="0" r14="0" r15="1" id="46" color_r="1" color_g="1" color_b="1" type_file="Data/Objects/environment/bones/dogarmbone.xml">
            <parameters />
        </EnvObject>
    </ActorObject>
    <EnvObject t0="-61.8537" t1="-6.61727" t2="182.052" s0="1.79695" s1="0.967567" s2="0.869057" q0="0.0177972" q1="0.390088" q2="-0.00612706" r0="0.695588" r1="0.00260399" r2="-0.718436" r3="0" r4="0.0251659" r5="0.999291" r6="0.0279875" r7="0" r8="0.718" r9="-0.0375479" r10="0.695029" r11="0" r12="0" r13="0" r14="0" r15="1" id="47" color_r="0.564706" color_g="0.509804" color_b="0.478431" type_file="Data/Objects/Environment/Rocks/strata_rocks/strata_rock_facade.xml">
        <parameters />
    </EnvObject>
    <EnvObject t0="-12.5819" t1="-9.31357" t2="163.312" s0="0.757634" s1="0.640726" s2="0.523727" q0="-0.0584832" q1="0.493697" q2="-0.00397111" r0="0.512495" r1="-0.0646371" r2="-0.856254" r3="0" r4="-0.0508548" r5="0.993128" r6="-0.105408" r7="0" r8="0.857183" r9="0.0975656" r10="0.505686" r11="0" r12="0" r13="0" r14="0" r15="1" id="52" color_r="1" color_g="1" color_b="1" type_file="Data/Objects/Environment/Rocks/strata_rocks/strata_rock_block.xml">
        <parameters />
    </EnvObject>
    <EnvObject t0="-26.8533" t1="-3.89668" t2="180.804" s0="2.45589" s1="1.14154" s2="0.628149" q0="0" q1="0" q2="0" r0="1" r1="0" r2="0" r3="0" r4="0" r5="1" r6="0" r7="0" r8="0" r9="0" r10="1" r11="0" r12="0" r13="0" r14="0" r15="1" id="54" color_r="1" color_g="1" color_b="1" type_file="Data/Objects/Environment/Rocks/strata_rocks/strata_rock_facade.xml">
        <parameters />
    </EnvObject>
    <EnvObject t0="-45.873" t1="-6.0903" t2="152.266" s0="0.849518" s1="0.796033" s2="0.700167" q0="0" q1="0" q2="0" r0="1" r1="0" r2="0" r3="0" r4="0" r5="1" r6="0" r7="0" r8="0" r9="0" r10="1" r11="0" r12="0" r13="0" r14="0" r15="1" id="55" color_r="1" color_g="1" color_b="1" type_file="Data/Objects/Environment/Rocks/strata_rocks/strata_rock_block.xml">
        <parameters />
    </EnvObject>
    <EnvObject t0="-47.7165" t1="-7.85529" t2="161.975" s0="1.14129" s1="1.14129" s2="1.14129" q0="0.0225672" q1="0.497843" q2="0.0189875" r0="0.503584" r1="0.0553853" r2="-0.862169" r3="0" r4="-0.0104456" r5="0.99826" r6="0.0580265" r7="0" r8="0.863883" r9="-0.0202154" r10="0.503286" r11="0" r12="0" r13="0" r14="0" r15="1" id="56" color_r="1" color_g="1" color_b="1" type_file="Data/Objects/Environment/Rocks/lichen_rubble.xml">
        <parameters />
    </EnvObject>
    <EnvObject t0="-36.1706" t1="-8.07815" t2="187.044" s0="2.32705" s1="1.61908" s2="1.56893" q0="-1.49012e-008" q1="-0.998412" q2="0" r0="-0.993653" r1="2.97551e-008" r2="0.112488" r3="0" r4="2.97551e-008" r5="1" r6="-1.67888e-009" r7="0" r8="-0.112488" r9="1.67888e-009" r10="-0.993653" r11="0" r12="0" r13="0" r14="0" r15="1" id="57" color_r="1" color_g="1" color_b="1" type_file="Data/Objects/Environment/Rocks/strata_rocks/strata_rock_facade.xml">
        <parameters />
    </EnvObject>
    <EnvObject t0="16.6543" t1="0.544601" t2="219.509" s0="1.04007" s1="0.362754" s2="1.2226" q0="0.238732" q1="0.839218" q2="0.0908477" r0="-0.42508" r1="0.487923" r2="-0.76239" r3="0" r4="0.31347" r5="0.869507" r6="0.381698" r7="0" r8="0.849143" r9="-0.0767339" r10="-0.52256" r11="0" r12="0" r13="0" r14="0" r15="1" id="58" color_r="0.2" color_g="0.2" color_b="0.2" type_file="Data/Objects/Crete/sharp_coastal_crete.xml">
        <parameters />
    </EnvObject>
    <EnvObject t0="12.5443" t1="2.54298" t2="213.75" s0="1.04007" s1="0.362754" s2="1.2226" q0="0.167492" q1="0.72988" q2="0.0322643" r0="-0.0675316" r1="0.287213" r2="-0.955483" r3="0" r4="0.201783" r5="0.941811" r6="0.268842" r7="0" r8="0.977099" r9="-0.174645" r10="-0.121557" r11="0" r12="0" r13="0" r14="0" r15="1" id="59" color_r="0.2" color_g="0.2" color_b="0.2" type_file="Data/Objects/Crete/sharp_coastal_crete.xml">
        <parameters />
    </EnvObject>
    <EnvObject t0="12.4377" t1="2.51732" t2="206.399" s0="1.04007" s1="0.362754" s2="1.2226" q0="-0.0293607" q1="0.598433" q2="-0.0444218" r0="0.279809" r1="-0.106163" r2="-0.954168" r3="0" r4="0.0358809" r5="0.994329" r6="-0.100109" r7="0" r8="0.959385" r9="-0.00622497" r10="0.282032" r11="0" r12="0" r13="0" r14="0" r15="1" id="60" color_r="0.2" color_g="0.2" color_b="0.2" type_file="Data/Objects/Crete/sharp_coastal_crete.xml">
        <parameters />
    </EnvObject>
    <EnvObject t0="18.2481" t1="-6.58171" t2="225.306" s0="-1.00343" s1="0.30114" s2="1.22261" q0="0.208089" q1="0.818842" q2="0.203292" r0="-0.42366" r1="0.541979" r2="-0.72579" r3="0" r4="0.139589" r5="0.830743" r6="0.538871" r7="0" r8="0.895001" r9="0.126986" r10="-0.427606" r11="0" r12="0" r13="0" r14="0" r15="1" id="61" color_r="0.2" color_g="0.2" color_b="0.2" type_file="Data/Objects/Crete/sharp_coastal_crete.xml">
        <parameters />
    </EnvObject>
    <EnvObject t0="-30.154" t1="-6.02806" t2="168.154" s0="0.62118" s1="0.929143" s2="0.536255" q0="0" q1="0" q2="0" r0="1" r1="0" r2="0" r3="0" r4="0" r5="1" r6="0" r7="0" r8="0" r9="0" r10="1" r11="0" r12="0" r13="0" r14="0" r15="1" id="62" color_r="1" color_g="1" color_b="1" type_file="Data/Objects/Environment/Rocks/strata_rocks/strata_rock_block.xml">
        <parameters />
    </EnvObject>
    <EnvObject t0="-35.1826" t1="-8.48754" t2="159.322" s0="0.65582" s1="0.325945" s2="0.29276" q0="-5.96047e-008" q1="-0.71501" q2="-0" r0="-0.0224786" r1="8.52359e-008" r2="0.999747" r3="0" r4="8.52359e-008" r5="1" r6="-8.3341e-008" r7="0" r8="-0.999747" r9="8.3341e-008" r10="-0.0224786" r11="0" r12="0" r13="0" r14="0" r15="1" id="63" color_r="1" color_g="1" color_b="1" type_file="Data/Objects/Environment/Rocks/strata_rocks/strata_rock_facade.xml">
        <parameters />
    </EnvObject>
    <EnvObject t0="-62.3498" t1="-7.10211" t2="170.366" s0="0.786357" s1="0.309073" s2="0.483904" q0="-0" q1="-0.0112397" q2="-0" r0="0.999747" r1="0" r2="0.022478" r3="0" r4="0" r5="1" r6="0" r7="0" r8="-0.022478" r9="0" r10="0.999747" r11="0" r12="0" r13="0" r14="0" r15="1" id="64" color_r="0.564706" color_g="0.509804" color_b="0.478431" type_file="Data/Objects/Environment/Rocks/strata_rocks/strata_rock_facade.xml">
        <parameters />
    </EnvObject>
    <EnvObject t0="-103.834" t1="-3.18148" t2="189.939" s0="3.43687" s1="1.62574" s2="1.96094" q0="0" q1="-0.707107" q2="0" r0="-5.96046e-007" r1="0" r2="1" r3="0" r4="-0" r5="1" r6="0" r7="0" r8="-1" r9="-0" r10="-5.96046e-007" r11="0" r12="0" r13="0" r14="0" r15="1" id="65" color_r="1" color_g="1" color_b="1" type_file="Data/Objects/Environment/Rocks/strata_rocks/strata_rock_facade.xml">
        <parameters />
    </EnvObject>
    <EnvObject t0="-116.664" t1="-4.32886" t2="185.092" s0="3.43687" s1="1.62574" s2="1.96094" q0="-0.0691558" q1="0.498403" q2="0.0399271" r0="0.5" r1="1.49012e-008" r2="-0.866025" r3="0" r4="-0.13787" r5="0.987247" r6="-0.0795993" r7="0" r8="0.85498" r9="0.159198" r10="0.493624" r11="0" r12="0" r13="0" r14="0" r15="1" id="66" color_r="1" color_g="1" color_b="1" type_file="Data/Objects/Environment/Rocks/strata_rocks/strata_rock_facade.xml">
        <parameters />
    </EnvObject>
    <EnvObject t0="-117.657" t1="-6.39405" t2="155.493" s0="3.03264" s1="1.21053" s2="1.96032" q0="-0.0560858" q1="0.541658" q2="-0.0670623" r0="0.404219" r1="-0.172892" r2="-0.898174" r3="0" r4="0.0513749" r5="0.984714" r6="-0.16643" r7="0" r8="0.913218" r9="0.0211303" r10="0.406922" r11="0" r12="0" r13="0" r14="0" r15="1" id="67" color_r="1" color_g="1" color_b="1" type_file="Data/Objects/Environment/Rocks/strata_rocks/strata_rock_facade.xml">
        <parameters />
    </EnvObject>
    <Decal t0="-148.393" t1="-7.84016" t2="143.099" s0="3.336" s1="3.336" s2="3.336" q0="-2.98023e-008" q1="-0.896532" q2="0" r0="-0.607539" r1="5.34374e-008" r2="0.79429" r3="0" r4="5.34374e-008" r5="1" r6="-2.64036e-008" r7="0" r8="-0.79429" r9="2.64036e-008" r10="-0.607539" r11="0" r12="0" r13="0" r14="0" r15="1" id="68" type_file="Data\Objects\Decals\bloodspatter.xml" color_r="0.486275" color_g="0.0313726" color_b="0.0313726">
        <parameters />
    </Decal>
    <Decal t0="-113.86" t1="-8.24442" t2="167.614" s0="3.99013" s1="2.19702" s2="3.43022" q0="0" q1="-0.0646349" q2="0" r0="0.991645" r1="0" r2="0.129" r3="0" r4="-0" r5="1" r6="0" r7="0" r8="-0.129" r9="-0" r10="0.991645" r11="0" r12="0" r13="0" r14="0" r15="1" id="69" type_file="Data\Objects\Decals\bloodspatter.xml" color_r="0.486275" color_g="0.0313726" color_b="0.0313726">
        <parameters />
    </Decal>
