<?xml version="2.0" ?>
<Type>saved</Type>
<Name>A-S2</Name>
<Description>The splitting cutscene of the A path; between S1 and S2.</Description>
<Shader>post</Shader>
<Terrain>
    <Heightmap>Data/Textures/Terrain/dead_volcano/dead_volcano_hm.png</Heightmap>
    <DetailMap></DetailMap>
    <ColorMap>Data/Textures/Terrain/dead_volcano/dead_volcano_c.tga</ColorMap>
    <ModelOverride>Data/Custom/timbles/therium-2/Models/deadvolcanowithahole.obj</ModelOverride>
    <DetailMaps>
        <DetailMap colorpath="Data/Textures/Terrain/DetailTextures/rubble.tga" normalpath="Data/Textures/Terrain/DetailTextures/rubble_normal.tga" materialpath="Data/Materials/rocks.xml" />
        <DetailMap colorpath="Data/Textures/Terrain/DetailTextures/pebbles.tga" normalpath="Data/Textures/Terrain/DetailTextures/pebbles_normal.tga" materialpath="Data/Materials/gravel.xml" />
        <DetailMap colorpath="Data/Textures/Terrain/DetailTextures/smooth_mud.tga" normalpath="Data/Textures/Terrain/DetailTextures/smooth_mud_normal.tga" materialpath="Data/Materials/sand.xml" />
        <DetailMap colorpath="Data/Textures/Terrain/DetailTextures/volcanic.tga" normalpath="Data/Textures/Terrain/DetailTextures/volcanic_normal.tga" materialpath="Data/Materials/dirtyrock.xml" />
    </DetailMaps>
    <DetailObjects />
</Terrain>
<OutOfDate Shadow="true" AO="true" NavMesh="true" />
<SpawnPoints>
    <SpawnPoint t0="0" t1="200" t2="0" s0="1" s1="1" s2="1" r0="1" r1="0" r2="0" r3="0" r4="0" r5="1" r6="0" r7="0" r8="0" r9="0" r10="1" r11="0" r12="0" r13="0" r14="0" r15="1" />
</SpawnPoints>
<AmbientSounds>
    <Ambient path="Data/Sounds/ambient/amb_deadvolcano_loop" />
</AmbientSounds>
<Script>Data/Custom/timbles/therium-2/Scripts/levelscripts/atense.as</Script>
<LevelScriptParameters>
    <parameter name="Achievements" type="string" val="flawless, no_injuries, no_kills" />
    <parameter name="Level Boundaries" type="int" val="1" />
    <parameter name="Objectives" type="string" val="destroy_all" />
</LevelScriptParameters>
<Sky>
    <DomeTexture>Data/Textures/skies/blue3.tga</DomeTexture>
    <SunAngularRad>0.0808992</SunAngularRad>
    <SunColorAngle>348.094</SunColorAngle>
    <RayToSun r0="-0.016404" r1="0.766062" r2="0.642557" />
    <ExtraAO>1</ExtraAO>
    <SkyRotation>0</SkyRotation>
</Sky>
<ActorObjects>
    <ActorObject t0="-94.939" t1="-43.4408" t2="-21.4789" s0="1" s1="1" s2="1" r0="5.96046e-008" r1="0" r2="1" r3="0" r4="-0" r5="1" r6="0" r7="0" r8="-1" r9="-0" r10="5.96046e-008" r11="0" r12="0" r13="0" r14="0" r15="1" id="1" type_file="Data/Custom/timbles/therium-2/Objects/IGF_Characters/ghost.xml" is_player="1">
        <parameters>
            <parameter name="Aggression" type="float" val="0.5" />
            <parameter name="Attack Damage" type="float" val="1" />
            <parameter name="Attack Knockback" type="float" val="1" />
            <parameter name="Attack Speed" type="float" val="1" />
            <parameter name="Block Follow-up" type="float" val="0.5" />
            <parameter name="Block Skill" type="float" val="0.5" />
            <parameter name="Character Scale" type="float" val="1" />
            <parameter name="Damage Resistance" type="float" val="1" />
            <parameter name="Ear Size" type="float" val="1" />
            <parameter name="Fat" type="float" val="0.5" />
            <parameter name="Ground Aggression" type="float" val="0.5" />
            <parameter name="Left handed" type="int" val="0" />
            <parameter name="Lives" type="int" val="1" />
            <parameter name="Movement Speed" type="float" val="1" />
            <parameter name="Muscle" type="float" val="0.5" />
            <parameter name="Teams" type="string" val="player, Ghost" />
        </parameters>
        <Connections>
            <Connection id="-1" />
        </Connections>
        <ItemConnections />
        <Palette />
    </ActorObject>
    <EnvObject t0="-132.518" t1="-44.6342" t2="-37.4334" s0="3.71816" s1="3.71816" s2="3.71816" r0="0.746937" r1="-0.277035" r2="0.60443" r3="0" r4="0.522484" r5="0.806781" r6="-0.275889" r7="0" r8="-0.411212" r9="0.521877" r10="0.747361" r11="0" r12="0" r13="0" r14="0" r15="1" id="2" color_r="0.207843" color_g="0.164706" color_b="0.133333" type_file="Data/Objects/Environment/rocks/BlockyStone1.xml">
        <parameters />
    </EnvObject>
    <EnvObject t0="-139.588" t1="-52.266" t2="-42.4949" s0="3.71816" s1="3.71816" s2="3.71816" r0="0.942792" r1="-0.32294" r2="0.0827804" r3="0" r4="0.320429" r5="0.946324" r6="0.0423732" r7="0" r8="-0.0920211" r9="-0.0134238" r10="0.995667" r11="0" r12="0" r13="0" r14="0" r15="1" id="3" color_r="0.207843" color_g="0.164706" color_b="0.133333" type_file="Data/Objects/Environment/rocks/BlockyStone1.xml">
        <parameters />
    </EnvObject>
    <EnvObject t0="-122.533" t1="-37.6913" t2="12.0672" s0="3.71816" s1="3.71816" s2="3.71816" r0="-0.0266619" r1="-0.155773" r2="0.987433" r3="0" r4="0.120954" r5="0.980024" r6="0.15787" r7="0" r8="-0.9923" r9="0.123643" r10="-0.00728798" r11="0" r12="0" r13="0" r14="0" r15="1" id="4" color_r="0.207843" color_g="0.164706" color_b="0.133333" type_file="Data/Objects/Environment/rocks/BlockyStone1.xml">
        <parameters />
    </EnvObject>
    <EnvObject t0="-145.194" t1="-48.6452" t2="-27.3338" s0="1.75127" s1="1.70363" s2="1.66319" r0="0.613037" r1="-0.000795573" r2="-0.790054" r3="0" r4="0.638667" r5="0.589154" r6="0.494977" r7="0" r8="0.465069" r9="-0.80802" r10="0.361682" r11="0" r12="0" r13="0" r14="0" r15="1" id="5" color_r="0.670588" color_g="0.694118" color_b="0.717647" type_file="Data/Objects/Environment/Rocks/coast_rock_large.xml">
        <parameters />
    </EnvObject>
    <EnvObject t0="-130.352" t1="-43.0124" t2="14.976" s0="1.74213" s1="1.89668" s2="1.66319" r0="0.491827" r1="0.0532223" r2="0.869065" r3="0" r4="0.404594" r5="0.869853" r6="-0.282241" r7="0" r8="-0.77098" r9="0.490432" r10="0.406283" r11="0" r12="0" r13="0" r14="0" r15="1" id="6" color_r="0.670588" color_g="0.694118" color_b="0.717647" type_file="Data/Objects/Environment/Rocks/coast_rock_large.xml">
        <parameters />
    </EnvObject>
    <EnvObject t0="-141.064" t1="-49.4012" t2="-14.4205" s0="2.04293" s1="1.98737" s2="1.94019" r0="0.443085" r1="-0.0337276" r2="0.895845" r3="0" r4="0.559247" r5="0.791409" r6="-0.246808" r7="0" r8="-0.700656" r9="0.610355" r10="0.369524" r11="0" r12="0" r13="0" r14="0" r15="1" id="7" color_r="0.670588" color_g="0.694118" color_b="0.717647" type_file="Data/Objects/Environment/Rocks/coast_rock_large.xml">
        <parameters />
    </EnvObject>
    <EnvObject t0="-152.53" t1="-56.0565" t2="11.1947" s0="0.301934" s1="0.301934" s2="0.301934" r0="0.945857" r1="0.180675" r2="0.26965" r3="0" r4="-0.14434" r5="0.978224" r6="-0.149143" r7="0" r8="-0.290725" r9="0.102146" r10="0.951339" r11="0" r12="0" r13="0" r14="0" r15="1" id="8" color_r="1" color_g="1" color_b="1" type_file="Data/Objects/Environment/Land/jagged_outcrop.xml">
        <parameters />
    </EnvObject>
    <EnvObject t0="-127.46" t1="-42.9686" t2="3.67515" s0="3.71816" s1="3.71816" s2="3.71816" r0="0.969071" r1="-0.212078" r2="0.12619" r3="0" r4="0.229655" r5="0.962172" r6="-0.146575" r7="0" r8="-0.0903311" r9="0.171022" r10="0.981118" r11="0" r12="0" r13="0" r14="0" r15="1" id="9" color_r="0.207843" color_g="0.164706" color_b="0.133333" type_file="Data/Objects/Environment/rocks/BlockyStone1.xml">
        <parameters />
    </EnvObject>
    <EnvObject t0="-137.357" t1="-47.0301" t2="-10.6931" s0="1.84346" s1="1.84346" s2="1.84346" r0="-0.123751" r1="-0.977409" r2="0.17134" r3="0" r4="-0.1207" r5="0.186211" r6="0.975068" r7="0" r8="-0.984945" r9="0.0999849" r10="-0.141018" r11="0" r12="0" r13="0" r14="0" r15="1" id="10" color_r="0.207843" color_g="0.164706" color_b="0.133333" type_file="Data/Objects/Environment/rocks/BlockyStone1.xml">
        <parameters />
    </EnvObject>
    <EnvObject t0="-133.624" t1="-37.5138" t2="-28.6112" s0="1.17169" s1="0.758725" s2="1.44892" r0="-0.766666" r1="-0.58742" r2="0.259155" r3="0" r4="-0.584613" r5="0.805558" r6="0.096459" r7="0" r8="-0.265426" r9="-0.0775535" r10="-0.961007" r11="0" r12="0" r13="0" r14="0" r15="1" id="11" color_r="0.670588" color_g="0.694118" color_b="0.717647" type_file="Data/Objects/Environment/Rocks/coast_rock_large.xml">
        <parameters />
    </EnvObject>
    <EnvObject t0="-115.104" t1="-51.1946" t2="-18.0125" s0="3.15191" s1="0.758725" s2="2.89837" r0="-0.9735" r1="-0.0523128" r2="0.222623" r3="0" r4="0.0540297" r5="-0.998538" r6="0.00162451" r7="0" r8="0.222212" r9="0.0136097" r10="0.974903" r11="0" r12="0" r13="0" r14="0" r15="1" id="12" color_r="0.670588" color_g="0.694118" color_b="0.717647" type_file="Data/Objects/Environment/Rocks/coast_rock_large.xml">
        <parameters />
    </EnvObject>
    <EnvObject t0="-140.81" t1="-47.4246" t2="-16.4513" s0="0.845317" s1="0.845317" s2="0.845317" r0="-0.100859" r1="0.30514" r2="0.946951" r3="0" r4="0.305611" r5="0.915289" r6="-0.262387" r7="0" r8="-0.946799" r9="0.262935" r10="-0.18557" r11="0" r12="0" r13="0" r14="0" r15="1" id="13" color_r="0.207843" color_g="0.164706" color_b="0.133333" type_file="Data/Objects/Environment/rocks/BlockyStone1.xml">
        <parameters />
    </EnvObject>
    <EnvObject t0="-113.705" t1="-42.4854" t2="-6.08495" s0="1.03522" s1="0.670357" s2="1.64799" r0="-0.00987585" r1="-0.979984" r2="-0.198833" r3="0" r4="-0.416898" r5="0.184772" r6="-0.889975" r7="0" r8="0.908899" r9="0.0741037" r10="-0.410378" r11="0" r12="0" r13="0" r14="0" r15="1" id="14" color_r="0.670588" color_g="0.694118" color_b="0.717647" type_file="Data/Objects/Environment/Rocks/coast_rock_large.xml">
        <parameters />
    </EnvObject>
    <EnvObject t0="-122.212" t1="-47.9285" t2="-25.9924" s0="1.03522" s1="0.670357" s2="1.64799" r0="-0.144074" r1="-0.984459" r2="-0.100417" r3="0" r4="0.084133" r5="-0.113294" r6="0.989993" r7="0" r8="-0.985984" r9="0.134184" r10="0.0991482" r11="0" r12="0" r13="0" r14="0" r15="1" id="15" color_r="0.670588" color_g="0.694118" color_b="0.717647" type_file="Data/Objects/Environment/Rocks/coast_rock_large.xml">
        <parameters />
    </EnvObject>
    <EnvObject t0="-93.5422" t1="-30.3155" t2="-22.63" s0="2.43755" s1="0.83754" s2="3.04284" r0="-0.9735" r1="-0.0523128" r2="0.222623" r3="0" r4="-0.0540298" r5="0.998538" r6="-0.0016246" r7="0" r8="-0.222212" r9="-0.0136098" r10="-0.974903" r11="0" r12="0" r13="0" r14="0" r15="1" id="19" color_r="0.670588" color_g="0.694118" color_b="0.717647" type_file="Data/Objects/Environment/Rocks/coast_rock_large.xml">
        <parameters />
    </EnvObject>
    <EnvObject t0="-91.0261" t1="-45.3803" t2="-9.04982" s0="3.55949" s1="3.55949" s2="3.55949" r0="-0.134014" r1="-0.968153" r2="-0.211471" r3="0" r4="-0.937425" r5="0.0546497" r6="0.343872" r7="0" r8="-0.321363" r9="0.244322" r10="-0.914895" r11="0" r12="0" r13="0" r14="0" r15="1" id="20" color_r="0.207843" color_g="0.164706" color_b="0.133333" type_file="Data/Objects/Environment/rocks/BlockyStone1.xml">
        <parameters />
    </EnvObject>
    <EnvObject t0="-104.974" t1="-45.0819" t2="-4.22959" s0="2.7902" s1="2.92199" s2="3.41946" r0="-0.18376" r1="-0.958635" r2="-0.217374" r3="0" r4="0.975611" r5="-0.150857" r6="-0.159455" r7="0" r8="0.120067" r9="-0.241374" r10="0.962976" r11="0" r12="0" r13="0" r14="0" r15="1" id="21" color_r="0.207843" color_g="0.164706" color_b="0.133333" type_file="Data/Objects/Environment/rocks/BlockyStone1.xml">
        <parameters />
    </EnvObject>
    <EnvObject t0="-103.149" t1="-35.5682" t2="-32.0574" s0="1.17169" s1="0.758725" s2="1.11613" r0="-0.995025" r1="-0.0625098" r2="0.0775822" r3="0" r4="0.00150342" r5="0.769181" r6="0.639029" r7="0" r8="-0.0996204" r9="0.635966" r10="-0.76526" r11="0" r12="0" r13="0" r14="0" r15="1" id="25" color_r="0.670588" color_g="0.694118" color_b="0.717647" type_file="Data/Objects/Environment/Rocks/coast_rock_large.xml">
        <parameters />
    </EnvObject>
    <EnvObject t0="-85.778" t1="-34.9806" t2="-31.9868" s0="1.17169" s1="0.758725" s2="1.11613" r0="-0.995025" r1="-0.0625098" r2="0.0775822" r3="0" r4="0.00150337" r5="0.769181" r6="0.639029" r7="0" r8="-0.0996203" r9="0.635966" r10="-0.76526" r11="0" r12="0" r13="0" r14="0" r15="1" id="26" color_r="0.670588" color_g="0.694118" color_b="0.717647" type_file="Data/Objects/Environment/Rocks/coast_rock_large.xml">
        <parameters />
    </EnvObject>
    <EnvObject t0="-93.5036" t1="-40.0218" t2="-16.3282" s0="1.17169" s1="0.758726" s2="1.7726" r0="-0.762866" r1="-0.101991" r2="0.638462" r3="0" r4="-0.603156" r5="0.467954" r6="-0.645927" r7="0" r8="-0.232892" r9="-0.877848" r10="-0.418503" r11="0" r12="0" r13="0" r14="0" r15="1" id="27" color_r="0.670588" color_g="0.694118" color_b="0.717647" type_file="Data/Objects/Environment/Rocks/coast_rock_large.xml">
        <parameters />
    </EnvObject>
    <EnvObject t0="-128.634" t1="-42.7247" t2="-22.3926" s0="0.70735" s1="0.685245" s2="1.13685" r0="0.770594" r1="-0.622455" r2="0.136871" r3="0" r4="0.485998" r5="0.712844" r6="0.505628" r7="0" r8="-0.412299" r9="-0.323115" r10="0.851825" r11="0" r12="0" r13="0" r14="0" r15="1" id="28" color_r="0.670588" color_g="0.694118" color_b="0.717647" type_file="Data/Objects/Environment/Rocks/coast_rock_large.xml">
        <parameters />
    </EnvObject>
    <EnvObject t0="-92.5958" t1="-13.6303" t2="-14.267" s0="0.618669" s1="0.618669" s2="0.618669" r0="0.0883913" r1="0.141978" r2="0.985915" r3="0" r4="-0.0202205" r5="0.989841" r6="-0.140731" r7="0" r8="-0.995881" r9="-0.00749638" r10="0.0903642" r11="0" r12="0" r13="0" r14="0" r15="1" id="29" color_r="1" color_g="1" color_b="1" type_file="Data/Objects/Environment/Land/jagged_outcrop.xml">
        <parameters />
    </EnvObject>
    <EnvObject t0="-142.585" t1="-45.567" t2="-32.4773" s0="2.99374" s1="3.94559" s2="2.86436" r0="0.395773" r1="0.0577049" r2="0.916534" r3="0" r4="-0.0596449" r5="0.997532" r6="-0.037049" r7="0" r8="-0.91641" r9="-0.0400035" r10="0.398238" r11="0" r12="0" r13="0" r14="0" r15="1" id="30" color_r="0.207843" color_g="0.164706" color_b="0.133333" type_file="Data/Objects/Environment/rocks/BlockyStone1.xml">
        <parameters />
    </EnvObject>
    <EnvObject t0="-80.6868" t1="-42.102" t2="-72.9511" s0="0.618669" s1="0.618669" s2="0.618669" r0="0.916751" r1="0.169194" r2="-0.361857" r3="0" r4="-0.151261" r5="0.985447" r6="0.0775532" r7="0" r8="0.369713" r9="-0.0163622" r10="0.929002" r11="0" r12="0" r13="0" r14="0" r15="1" id="31" color_r="1" color_g="1" color_b="1" type_file="Data/Objects/Environment/Land/jagged_outcrop.xml">
        <parameters />
    </EnvObject>
    <EnvObject t0="-50.5716" t1="-54.9222" t2="-104.962" s0="0.607384" s1="0.75273" s2="0.618669" r0="0.99958" r1="0.00285553" r2="0.0288305" r3="0" r4="-0.00852728" r5="0.980048" r6="0.19858" r7="0" r8="-0.0276882" r9="-0.198742" r10="0.979661" r11="0" r12="0" r13="0" r14="0" r15="1" id="32" color_r="1" color_g="1" color_b="1" type_file="Data/Objects/Environment/Land/jagged_outcrop.xml">
        <parameters />
    </EnvObject>
    <EnvObject t0="-62.5766" t1="-30.0364" t2="-51.6869" s0="0.607384" s1="0.75273" s2="0.618669" r0="-0.635747" r1="0.0091732" r2="0.771843" r3="0" r4="0.260841" r5="0.943661" r6="0.203633" r7="0" r8="-0.72649" r9="0.330787" r10="-0.602322" r11="0" r12="0" r13="0" r14="0" r15="1" id="33" color_r="1" color_g="1" color_b="1" type_file="Data/Objects/Environment/Land/jagged_outcrop.xml">
        <parameters />
    </EnvObject>
    <EnvObject t0="-150.319" t1="-52.3375" t2="-13.6672" s0="1.13779" s1="0.758725" s2="1.10928" r0="-0.94425" r1="-0.299683" r2="0.136316" r3="0" r4="0.304114" r5="-0.952554" r6="0.0124344" r7="0" r8="0.126122" r9="0.0531968" r10="0.990587" r11="0" r12="0" r13="0" r14="0" r15="1" id="34" color_r="0.341176" color_g="0.301961" color_b="0.27451" type_file="Data/Objects/Environment/Rocks/coast_rock_large.xml">
        <parameters />
    </EnvObject>
    <EnvObject t0="-133.195" t1="-46.1292" t2="-12.5415" s0="0.453273" s1="0.312275" s2="0.728241" r0="0.900811" r1="-0.399716" r2="-0.169608" r3="0" r4="-0.377438" r5="-0.91393" r6="0.149242" r7="0" r8="-0.214664" r9="-0.0704224" r10="-0.974146" r11="0" r12="0" r13="0" r14="0" r15="1" id="35" color_r="0.341176" color_g="0.301961" color_b="0.27451" type_file="Data/Objects/Environment/Rocks/coast_rock_large.xml">
        <parameters />
    </EnvObject>
    <EnvObject t0="-161.6" t1="-57.6564" t2="-9.9977" s0="1.14078" s1="0.758725" s2="1.44207" r0="-0.828864" r1="-0.395247" r2="0.395935" r3="0" r4="0.403158" r5="-0.912667" r6="-0.0670972" r7="0" r8="0.387877" r9="0.10401" r10="0.915824" r11="0" r12="0" r13="0" r14="0" r15="1" id="36" color_r="0.341176" color_g="0.301961" color_b="0.27451" type_file="Data/Objects/Environment/Rocks/coast_rock_large.xml">
        <parameters />
    </EnvObject>
    <EnvObject t0="-173.185" t1="-60.2137" t2="-3.27308" s0="0.640399" s1="0.359809" s2="1.21861" r0="-0.727069" r1="-0.403555" r2="0.555441" r3="0" r4="0.277694" r5="-0.91274" r6="-0.299651" r7="0" r8="0.627899" r9="-0.0636242" r10="0.77569" r11="0" r12="0" r13="0" r14="0" r15="1" id="37" color_r="0.341176" color_g="0.301961" color_b="0.27451" type_file="Data/Objects/Environment/Rocks/coast_rock_large.xml">
        <parameters />
    </EnvObject>
    <EnvObject t0="-134.288" t1="-47.1111" t2="43.8502" s0="0.618669" s1="0.618669" s2="0.618669" r0="0.971471" r1="0.154963" r2="-0.179526" r3="0" r4="-0.137022" r5="0.984615" r6="0.108432" r7="0" r8="0.193567" r9="-0.0807396" r10="0.977759" r11="0" r12="0" r13="0" r14="0" r15="1" id="38" color_r="1" color_g="1" color_b="1" type_file="Data/Objects/Environment/Land/jagged_outcrop.xml">
        <parameters />
    </EnvObject>
    <EnvObject t0="-182.757" t1="-60.4647" t2="-35.3522" s0="2.03676" s1="1.3189" s2="1.94019" r0="0.959277" r1="0.148172" r2="0.240485" r3="0" r4="-0.281675" r5="0.565516" r6="0.775146" r7="0" r8="-0.0211433" r9="-0.811318" r10="0.584223" r11="0" r12="0" r13="0" r14="0" r15="1" id="789" color_r="0.670588" color_g="0.694118" color_b="0.717647" type_file="Data/Objects/Environment/Rocks/coast_rock_large.xml">
        <parameters />
    </EnvObject>
    <EnvObject t0="-180.786" t1="-52.9051" t2="-31.482" s0="2.08161" s1="2.74344" s2="1.99165" r0="0.532739" r1="-0.0237333" r2="-0.845947" r3="0" r4="0.0533583" r5="0.99856" r6="0.00558774" r7="0" r8="0.844596" r9="-0.0481151" r10="0.533238" r11="0" r12="0" r13="0" r14="0" r15="1" id="790" color_r="0.207843" color_g="0.164706" color_b="0.133333" type_file="Data/Objects/Environment/rocks/BlockyStone1.xml">
        <parameters />
    </EnvObject>
    <EnvObject t0="-182.885" t1="-50.714" t2="-37.1671" s0="3.48297" s1="4.59036" s2="3.33245" r0="0.973154" r1="0.0117826" r2="-0.229854" r3="0" r4="-0.030673" r5="0.99642" r6="-0.0787856" r7="0" r8="0.228103" r9="0.0837208" r10="0.970031" r11="0" r12="0" r13="0" r14="0" r15="1" id="791" color_r="0.207843" color_g="0.164706" color_b="0.133333" type_file="Data/Objects/Environment/rocks/BlockyStone1.xml">
        <parameters />
    </EnvObject>
    <EnvObject t0="-190.07" t1="-61.1435" t2="-36.3786" s0="3.19076" s1="4.20525" s2="3.05287" r0="0.909921" r1="0.106039" r2="0.400998" r3="0" r4="-0.0427328" r5="0.985591" r6="-0.163661" r7="0" r8="-0.412575" r9="0.131782" r10="0.901341" r11="0" r12="0" r13="0" r14="0" r15="1" id="792" color_r="0.207843" color_g="0.164706" color_b="0.133333" type_file="Data/Objects/Environment/rocks/BlockyStone1.xml">
        <parameters />
    </EnvObject>
    <EnvObject t0="-182.019" t1="-62.9869" t2="-47.8971" s0="3.36456" s1="4.43431" s2="3.21916" r0="-0.0337699" r1="0.0423243" r2="0.998533" r3="0" r4="0.0617646" r5="0.997282" r6="-0.0401824" r7="0" r8="-0.997519" r9="0.060317" r10="-0.0362923" r11="0" r12="0" r13="0" r14="0" r15="1" id="793" color_r="0.207843" color_g="0.164706" color_b="0.133333" type_file="Data/Objects/Environment/rocks/BlockyStone1.xml">
        <parameters />
    </EnvObject>
    <EnvObject t0="-110.653" t1="-30.4228" t2="-15.3322" s0="1.86233" s1="0.639893" s2="2.32478" r0="-0.257981" r1="0.0320146" r2="0.965619" r3="0" r4="-0.102651" r5="0.992885" r6="-0.0603435" r7="0" r8="-0.960681" r9="-0.114689" r10="-0.25286" r11="0" r12="0" r13="0" r14="0" r15="1" id="821" color_r="0.670588" color_g="0.694118" color_b="0.717647" type_file="Data/Objects/Environment/Rocks/coast_rock_large.xml">
        <parameters />
    </EnvObject>
    <EnvObject t0="-94.4014" t1="-22.7651" t2="-42.1187" s0="4.24213" s1="4.24213" s2="4.24213" r0="0.513181" r1="-0.00735286" r2="0.858249" r3="0" r4="0.0124357" r5="0.999922" r6="0.00113082" r7="0" r8="-0.85819" r9="0.0100926" r10="0.513232" r11="0" r12="0" r13="0" r14="0" r15="1" id="822" color_r="0.207843" color_g="0.164706" color_b="0.133333" type_file="Data/Objects/Environment/rocks/BlockyStone1.xml">
        <parameters />
    </EnvObject>
    <EnvObject t0="-94.9037" t1="-5.59844" t2="-51.5474" s0="0.269587" s1="0.269587" s2="0.269587" r0="-0.460656" r1="-0.0410897" r2="-0.886627" r3="0" r4="-0.0383605" r5="0.998916" r6="-0.026363" r7="0" r8="0.886749" r9="0.0218672" r10="-0.461733" r11="0" r12="0" r13="0" r14="0" r15="1" id="823" color_r="1" color_g="1" color_b="1" type_file="Data/Objects/Environment/Land/jagged_outcrop.xml">
        <parameters />
    </EnvObject>
    <EnvObject t0="-90.1278" t1="-24.142" t2="-46.9341" s0="2.11699" s1="2.05084" s2="3.40243" r0="-0.682541" r1="-0.193966" r2="-0.704638" r3="0" r4="0.198721" r5="-0.977068" r6="0.0764683" r7="0" r8="-0.703312" r9="-0.0878339" r10="0.705434" r11="0" r12="0" r13="0" r14="0" r15="1" id="824" color_r="0.670588" color_g="0.694118" color_b="0.717647" type_file="Data/Objects/Environment/Rocks/coast_rock_large.xml">
        <parameters />
    </EnvObject>
    <EnvObject t0="-77.4864" t1="-25.5367" t2="-57.0133" s0="2.11699" s1="2.05084" s2="3.40243" r0="-0.705851" r1="-0.683469" r2="-0.18613" r3="0" r4="-0.520153" r5="0.678465" r6="-0.518773" r7="0" r8="0.480848" r9="-0.269361" r10="-0.834404" r11="0" r12="0" r13="0" r14="0" r15="1" id="825" color_r="0.670588" color_g="0.694118" color_b="0.717647" type_file="Data/Objects/Environment/Rocks/coast_rock_large.xml">
        <parameters />
    </EnvObject>
    <EnvObject t0="-190.764" t1="-50.716" t2="47.2222" s0="0.301934" s1="0.301934" s2="0.301934" r0="-0.955614" r1="0.242678" r2="0.167061" r3="0" r4="0.165809" r5="0.9117" r6="-0.375914" r7="0" r8="-0.243535" r9="-0.331528" r10="-0.911471" r11="0" r12="0" r13="0" r14="0" r15="1" id="826" color_r="1" color_g="1" color_b="1" type_file="Data/Objects/Environment/Land/jagged_outcrop.xml">
        <parameters />
    </EnvObject>
    <EnvObject t0="-190.04" t1="-58.3148" t2="-27.3526" s0="2.03676" s1="1.3189" s2="1.94019" r0="0.981444" r1="0.172169" r2="-0.0844132" r3="0" r4="-0.173846" r5="0.984689" r6="-0.0128848" r7="0" r8="0.0809024" r9="0.0273206" r10="0.996348" r11="0" r12="0" r13="0" r14="0" r15="1" id="827" color_r="0.670588" color_g="0.694118" color_b="0.717647" type_file="Data/Objects/Environment/Rocks/coast_rock_large.xml">
        <parameters />
    </EnvObject>
    <EnvObject t0="-214.9" t1="-54.407" t2="-19.1736" s0="2.03676" s1="1.3189" s2="1.94019" r0="-0.905876" r1="0.320866" r2="0.276468" r3="0" r4="0.347878" r5="0.93601" r6="0.0535336" r7="0" r8="-0.2416" r9="0.144672" r10="-0.959531" r11="0" r12="0" r13="0" r14="0" r15="1" id="828" color_r="0.670588" color_g="0.694118" color_b="0.717647" type_file="Data/Objects/Environment/Rocks/coast_rock_large.xml">
        <parameters />
    </EnvObject>
    <EnvObject t0="-224.415" t1="-45.4202" t2="-10.2037" s0="0.296036" s1="0.296036" s2="0.33774" r0="-0.897521" r1="0.440968" r2="-0.00167971" r3="0" r4="0.440801" r5="0.897061" r6="-0.0312492" r7="0" r8="-0.0122731" r9="-0.0287872" r10="-0.99951" r11="0" r12="0" r13="0" r14="0" r15="1" id="829" color_r="1" color_g="1" color_b="1" type_file="Data/Objects/Environment/Land/jagged_outcrop.xml">
        <parameters />
    </EnvObject>
    <EnvObject t0="-209.084" t1="-39.7191" t2="48.2861" s0="0.426406" s1="0.426405" s2="0.486475" r0="-0.727991" r1="0.409147" r2="0.550117" r3="0" r4="0.321651" r5="0.91244" r6="-0.25297" r7="0" r8="-0.605451" r9="-0.00721402" r10="-0.79585" r11="0" r12="0" r13="0" r14="0" r15="1" id="830" color_r="1" color_g="1" color_b="1" type_file="Data/Objects/Environment/Land/jagged_outcrop.xml">
        <parameters />
    </EnvObject>
    <EnvObject t0="-205.834" t1="-53.4153" t2="19.306" s0="1" s1="1" s2="1" r0="-0.5" r1="-5.16191e-008" r2="-0.866025" r3="0" r4="-5.16191e-008" r5="1" r6="-2.98023e-008" r7="0" r8="0.866025" r9="2.98023e-008" r10="-0.5" r11="0" r12="0" r13="0" r14="0" r15="1" id="831" color_r="1" color_g="1" color_b="1" type_file="Data/Objects/Buildings/terraces/cat_stairs.xml">
        <parameters />
    </EnvObject>
    <Group t0="-99.9406" t1="-45.3794" t2="-35.05" s0="46.3442" s1="23.2823" s2="24.9358" r0="1" r1="0" r2="0" r3="0" r4="0" r5="1" r6="0" r7="0" r8="0" r9="0" r10="1" r11="0" r12="0" r13="0" r14="0" r15="1" id="18" version="1">
        <parameters />
        <EnvObject t0="-106.511" t1="-45.3794" t2="-34.7234" s0="3.55949" s1="3.55949" s2="3.55949" r0="0.064966" r1="-0.968153" r2="0.241783" r3="0" r4="0.997296" r5="0.0546492" r6="-0.0491413" r7="0" r8="0.0343631" r9="0.244322" r10="0.969085" r11="0" r12="0" r13="0" r14="0" r15="1" id="16" color_r="0.207843" color_g="0.164706" color_b="0.133333" type_file="Data/Objects/Environment/rocks/BlockyStone1.xml">
            <parameters />
        </EnvObject>
        <EnvObject t0="-91.7604" t1="-45.081" t2="-35.1718" s0="2.7902" s1="2.92199" s2="3.41946" r0="0.110698" r1="-0.958635" r2="0.262231" r3="0" r4="-0.978836" r5="-0.150857" r6="-0.138281" r7="0" r8="0.172121" r9="-0.241374" r10="-0.955046" r11="0" r12="0" r13="0" r14="0" r15="1" id="17" color_r="0.207843" color_g="0.164706" color_b="0.133333" type_file="Data/Objects/Environment/rocks/BlockyStone1.xml">
            <parameters />
        </EnvObject>
    </Group>
    <Group t0="-81.7378" t1="-40.8318" t2="-25.4945" s0="19.193" s1="10.839" s2="18.3787" r0="5.96046e-008" r1="-1" r2="-0" r3="0" r4="1" r5="5.96046e-008" r6="0" r7="0" r8="0" r9="-0" r10="1" r11="0" r12="0" r13="0" r14="0" r15="1" id="22" version="1">
        <parameters />
        <EnvObject t0="-81.7378" t1="-38.1107" t2="-25.2539" s0="1.47413" s1="1.6571" s2="2.62349" r0="-0.968153" r1="-0.0649666" r2="0.241783" r3="0" r4="0.05465" r5="-0.997295" r6="-0.0491405" r7="0" r8="0.244322" r9="-0.0343621" r10="0.969085" r11="0" r12="0" r13="0" r14="0" r15="1" id="23" color_r="0.207843" color_g="0.164706" color_b="0.133333" type_file="Data/Objects/Environment/rocks/BlockyStone1.xml">
            <parameters />
        </EnvObject>
        <EnvObject t0="-81.5989" t1="-44.2195" t2="-25.5843" s0="1.15554" s1="1.36032" s2="2.52028" r0="-0.958635" r1="-0.110698" r2="0.262231" r3="0" r4="-0.150857" r5="0.978836" r6="-0.138281" r7="0" r8="-0.241374" r9="-0.172121" r10="-0.955046" r11="0" r12="0" r13="0" r14="0" r15="1" id="24" color_r="0.207843" color_g="0.164706" color_b="0.133333" type_file="Data/Objects/Environment/rocks/BlockyStone1.xml">
            <parameters />
        </EnvObject>
    </Group>
    <Group t0="-143.984" t1="-45.6764" t2="26.3762" s0="14.6008" s1="13.6553" s2="13.9088" r0="-0.0123406" r1="0.226558" r2="-0.97392" r3="0" r4="-0.32327" r5="0.920785" r6="0.218294" r7="0" r8="0.946226" r9="0.317533" r10="0.0618764" r11="0" r12="0" r13="0" r14="0" r15="1" id="39" version="1">
        <parameters />
        <EnvObject t0="-144.883" t1="-50.1949" t2="29.2376" s0="1.38836" s1="0.932847" s2="1.38836" r0="-0.079179" r1="0.412768" r2="-0.907388" r3="0" r4="-0.313666" r5="0.853695" r6="0.415714" r7="0" r8="0.946226" r9="0.317533" r10="0.0618767" r11="0" r12="0" r13="0" r14="0" r15="1" id="427" color_r="1" color_g="1" color_b="1" type_file="Data/Objects/plants/trees/joshua/joshua_trunk.xml">
            <parameters />
        </EnvObject>
        <EnvObject t0="-144.005" t1="-46.0982" t2="31.3592" s0="0.711038" s1="0.711038" s2="0.711038" r0="0.26705" r1="-0.833538" r2="0.483631" r3="0" r4="0.731749" r5="0.501957" r6="0.461067" r7="0" r8="-0.627079" r9="0.230768" r10="0.743988" r11="0" r12="0" r13="0" r14="0" r15="1" id="428" color_r="1" color_g="1" color_b="1" type_file="Data/Objects/plants/trees/joshua/joshua_branch.xml">
            <parameters />
        </EnvObject>
        <EnvObject t0="-143.418" t1="-45.0015" t2="32.0135" s0="0.638495" s1="0.638495" s2="0.638495" r0="-0.92577" r1="0.17133" r2="-0.337041" r3="0" r4="0.146651" r5="0.984364" r6="0.0975706" r7="0" r8="0.348488" r9="0.0409003" r10="-0.936421" r11="0" r12="0" r13="0" r14="0" r15="1" id="429" color_r="1" color_g="1" color_b="1" type_file="Data/Objects/plants/trees/joshua/joshua_leaf.xml">
            <parameters />
        </EnvObject>
        <EnvObject t0="-145.427" t1="-47.3507" t2="30.6156" s0="0.895126" s1="0.447012" s2="1.00488" r0="0.653812" r1="0.422156" r2="-0.627945" r3="0" r4="0.132728" r5="0.753039" r6="0.64445" r7="0" r8="0.744925" r9="-0.504695" r10="0.436314" r11="0" r12="0" r13="0" r14="0" r15="1" id="430" color_r="1" color_g="1" color_b="1" type_file="Data/Objects/plants/trees/joshua/joshua_trunk.xml">
            <parameters />
        </EnvObject>
        <EnvObject t0="-145.432" t1="-46.1923" t2="30.495" s0="0.666896" s1="0.378689" s2="0.748663" r0="0.22937" r1="-0.309642" r2="-0.922773" r3="0" r4="-0.0928362" r5="0.936768" r6="-0.337414" r7="0" r8="0.968902" r9="0.163059" r10="0.186121" r11="0" r12="0" r13="0" r14="0" r15="1" id="431" color_r="1" color_g="1" color_b="1" type_file="Data/Objects/plants/trees/joshua/joshua_trunk.xml">
            <parameters />
        </EnvObject>
        <EnvObject t0="-143.209" t1="-45.7243" t2="30.6999" s0="0.817809" s1="0.817809" s2="0.817809" r0="0.148845" r1="-0.974348" r2="0.168795" r3="0" r4="0.646428" r5="-0.0333" r6="-0.762248" r7="0" r8="0.748315" r9="0.222571" r10="0.624889" r11="0" r12="0" r13="0" r14="0" r15="1" id="432" color_r="1" color_g="1" color_b="1" type_file="Data/Objects/plants/trees/joshua/joshua_leaf.xml">
            <parameters />
        </EnvObject>
        <EnvObject t0="-145.986" t1="-44.8377" t2="29.7113" s0="0.562105" s1="0.407507" s2="0.631022" r0="0.880108" r1="0.258741" r2="-0.398075" r3="0" r4="0.444972" r5="-0.74191" r6="0.501567" r7="0" r8="-0.16556" r9="-0.618565" r10="-0.768094" r11="0" r12="0" r13="0" r14="0" r15="1" id="433" color_r="1" color_g="1" color_b="1" type_file="Data/Objects/plants/trees/joshua/joshua_trunk.xml">
            <parameters />
        </EnvObject>
        <EnvObject t0="-145.501" t1="-44.686" t2="30.4201" s0="0.562104" s1="0.323899" s2="0.631025" r0="0.552374" r1="-0.382546" r2="0.740636" r3="0" r4="-0.0133413" r5="-0.892425" r6="-0.450997" r7="0" r8="0.83349" r9="0.239238" r10="-0.498056" r11="0" r12="0" r13="0" r14="0" r15="1" id="434" color_r="1" color_g="1" color_b="1" type_file="Data/Objects/plants/trees/joshua/joshua_trunk.xml">
            <parameters />
        </EnvObject>
        <EnvObject t0="-145.084" t1="-43.0317" t2="31.0061" s0="0.990847" s1="0.990847" s2="0.990847" r0="-0.92577" r1="0.17133" r2="-0.337041" r3="0" r4="0.146651" r5="0.984364" r6="0.0975706" r7="0" r8="0.348488" r9="0.0409003" r10="-0.936421" r11="0" r12="0" r13="0" r14="0" r15="1" id="435" color_r="1" color_g="1" color_b="1" type_file="Data/Objects/plants/trees/joshua/joshua_leaf.xml">
            <parameters />
        </EnvObject>
        <EnvObject t0="-145.777" t1="-43.0907" t2="30.1653" s0="0.659855" s1="0.659855" s2="0.659855" r0="-0.196396" r1="0.127177" r2="0.972242" r3="0" r4="-0.430994" r5="0.879432" r6="-0.202099" r7="0" r8="-0.880723" r9="-0.458722" r10="-0.117905" r11="0" r12="0" r13="0" r14="0" r15="1" id="436" color_r="1" color_g="1" color_b="1" type_file="Data/Objects/plants/trees/joshua/joshua_leaf.xml">
            <parameters />
        </EnvObject>
        <EnvObject t0="-145.003" t1="-44.299" t2="30.1712" s0="0.562104" s1="0.323899" s2="0.631025" r0="0.559509" r1="-0.355393" r2="0.748763" r3="0" r4="-0.680823" r5="-0.712288" r6="0.170661" r7="0" r8="0.472683" r9="-0.605261" r10="-0.640491" r11="0" r12="0" r13="0" r14="0" r15="1" id="437" color_r="1" color_g="1" color_b="1" type_file="Data/Objects/plants/trees/joshua/joshua_trunk.xml">
            <parameters />
        </EnvObject>
        <EnvObject t0="-144.13" t1="-43.6023" t2="29.5141" s0="0.877665" s1="0.877665" s2="0.877665" r0="-0.852568" r1="0.494585" r2="-0.168862" r3="0" r4="0.444953" r5="0.517458" r6="-0.730927" r7="0" r8="-0.274126" r9="-0.6983" r10="-0.661235" r11="0" r12="0" r13="0" r14="0" r15="1" id="438" color_r="1" color_g="1" color_b="1" type_file="Data/Objects/plants/trees/joshua/joshua_leaf.xml">
            <parameters />
        </EnvObject>
        <EnvObject t0="-146.288" t1="-46.0318" t2="32.0186" s0="0.990847" s1="0.990847" s2="0.990847" r0="-0.209331" r1="0.204657" r2="-0.956188" r3="0" r4="-0.720313" r5="0.629041" r6="0.292329" r7="0" r8="0.661309" r9="0.749949" r10="0.0157394" r11="0" r12="0" r13="0" r14="0" r15="1" id="439" color_r="1" color_g="1" color_b="1" type_file="Data/Objects/plants/trees/joshua/joshua_leaf.xml">
            <parameters />
        </EnvObject>
        <EnvObject t0="-144.992" t1="-46.5827" t2="32.1082" s0="0.583305" s1="0.583305" s2="0.583305" r0="-0.929905" r1="-0.367788" r2="0.00274993" r3="0" r4="0.044237" r5="-0.104419" r6="0.993549" r7="0" r8="-0.365128" r9="0.924028" r10="0.11337" r11="0" r12="0" r13="0" r14="0" r15="1" id="440" color_r="1" color_g="1" color_b="1" type_file="Data/Objects/plants/trees/joshua/joshua_leaf.xml">
            <parameters />
        </EnvObject>
        <EnvObject t0="-146.759" t1="-43.2788" t2="28.6041" s0="0.990847" s1="0.990847" s2="0.990847" r0="0.400003" r1="-0.650675" r2="-0.645461" r3="0" r4="-0.119951" r5="0.661032" r6="-0.740708" r7="0" r8="0.90863" r9="0.373709" r10="0.186366" r11="0" r12="0" r13="0" r14="0" r15="1" id="441" color_r="1" color_g="1" color_b="1" type_file="Data/Objects/plants/trees/joshua/joshua_leaf.xml">
            <parameters />
        </EnvObject>
        <EnvObject t0="-145.449" t1="-43.6679" t2="29.2773" s0="0.695492" s1="0.695492" s2="0.695492" r0="-0.783689" r1="0.150137" r2="-0.602735" r3="0" r4="0.491346" r5="0.743484" r6="-0.453663" r7="0" r8="0.380013" r9="-0.651682" r10="-0.65643" r11="0" r12="0" r13="0" r14="0" r15="1" id="442" color_r="1" color_g="1" color_b="1" type_file="Data/Objects/plants/trees/joshua/joshua_leaf.xml">
            <parameters />
        </EnvObject>
        <EnvObject t0="-146.434" t1="-44.4338" t2="31.156" s0="0.990847" s1="0.990847" s2="0.990847" r0="-0.264499" r1="0.140512" r2="-0.954095" r3="0" r4="-0.846061" r5="0.441002" r6="0.299497" r7="0" r8="0.46284" r9="0.886439" r10="0.00223738" r11="0" r12="0" r13="0" r14="0" r15="1" id="443" color_r="1" color_g="1" color_b="1" type_file="Data/Objects/plants/trees/joshua/joshua_leaf.xml">
            <parameters />
        </EnvObject>
        <EnvObject t0="-143.137" t1="-50.1697" t2="27.2951" s0="1.32725" s1="0.708734" s2="1.3066" r0="0.247785" r1="-0.0712198" r2="-0.966194" r3="0" r4="-0.231761" r5="0.963981" r6="-0.130493" r7="0" r8="0.940686" r9="0.25626" r10="0.222354" r11="0" r12="0" r13="0" r14="0" r15="1" id="444" color_r="1" color_g="1" color_b="1" type_file="Data/Objects/plants/trees/joshua/joshua_trunk.xml">
            <parameters />
        </EnvObject>
        <EnvObject t0="-143.738" t1="-47.0408" t2="26.2727" s0="0.845702" s1="0.673628" s2="0.949392" r0="0.298113" r1="-0.311394" r2="-0.902309" r3="0" r4="-0.161985" r5="0.915077" r6="-0.369318" r7="0" r8="0.940685" r9="0.256259" r10="0.222355" r11="0" r12="0" r13="0" r14="0" r15="1" id="445" color_r="1" color_g="1" color_b="1" type_file="Data/Objects/plants/trees/joshua/joshua_trunk.xml">
            <parameters />
        </EnvObject>
        <EnvObject t0="-144.156" t1="-44.9038" t2="24.7842" s0="0.910743" s1="0.467714" s2="0.949383" r0="0.463466" r1="-0.686906" r2="-0.559785" r3="0" r4="0.128444" r5="-0.572981" r6="0.809441" r7="0" r8="-0.876756" r9="-0.44705" r10="-0.177329" r11="0" r12="0" r13="0" r14="0" r15="1" id="446" color_r="1" color_g="1" color_b="1" type_file="Data/Objects/plants/trees/joshua/joshua_trunk.xml">
            <parameters />
        </EnvObject>
        <EnvObject t0="-144.245" t1="-42.5504" t2="23.501" s0="1.26696" s1="1.26696" s2="1.26696" r0="-0.353247" r1="-0.567717" r2="-0.743581" r3="0" r4="0.0425607" r5="0.784249" r6="-0.618985" r7="0" r8="0.934561" r9="-0.250302" r10="-0.252871" r11="0" r12="0" r13="0" r14="0" r15="1" id="447" color_r="1" color_g="1" color_b="1" type_file="Data/Objects/plants/trees/joshua/joshua_leaf.xml">
            <parameters />
        </EnvObject>
        <EnvObject t0="-146.414" t1="-42.9888" t2="24.4481" s0="0.632812" s1="0.632812" s2="0.632812" r0="0.903561" r1="0.385042" r2="0.187937" r3="0" r4="-0.428218" r5="0.826281" r6="0.365908" r7="0" r8="-0.0143988" r9="-0.411098" r10="0.911477" r11="0" r12="0" r13="0" r14="0" r15="1" id="448" color_r="1" color_g="1" color_b="1" type_file="Data/Objects/plants/trees/joshua/joshua_leaf.xml">
            <parameters />
        </EnvObject>
        <EnvObject t0="-145.429" t1="-45.0601" t2="21.9824" s0="0.990847" s1="0.990847" s2="0.990847" r0="0.743675" r1="0.639968" r2="0.193361" r3="0" r4="-0.123799" r5="0.416052" r6="-0.900874" r7="0" r8="-0.656979" r9="0.64602" r10="0.388635" r11="0" r12="0" r13="0" r14="0" r15="1" id="449" color_r="1" color_g="1" color_b="1" type_file="Data/Objects/plants/trees/joshua/joshua_leaf.xml">
            <parameters />
        </EnvObject>
        <EnvObject t0="-145.498" t1="-45.755" t2="25.6741" s0="0.869021" s1="0.869021" s2="0.869021" r0="-0.170794" r1="-0.652553" r2="-0.738244" r3="0" r4="-0.788558" r5="0.539762" r6="-0.294675" r7="0" r8="0.590767" r9="0.531819" r10="-0.606764" r11="0" r12="0" r13="0" r14="0" r15="1" id="450" color_r="1" color_g="1" color_b="1" type_file="Data/Objects/plants/trees/joshua/joshua_branch.xml">
            <parameters />
        </EnvObject>
        <EnvObject t0="-145.087" t1="-44.9408" t2="23.6436" s0="0.869021" s1="0.869021" s2="0.869021" r0="-0.492218" r1="-0.834365" r2="0.248105" r3="0" r4="-0.293411" r5="-0.109313" r6="-0.949716" r7="0" r8="0.819531" r9="-0.540264" r10="-0.191006" r11="0" r12="0" r13="0" r14="0" r15="1" id="451" color_r="1" color_g="1" color_b="1" type_file="Data/Objects/plants/trees/joshua/joshua_branch.xml">
            <parameters />
        </EnvObject>
        <EnvObject t0="-142.35" t1="-46.5464" t2="24.1256" s0="1.76991" s1="2.8922" s2="1.76991" r0="0.954686" r1="-0.227054" r2="-0.192406" r3="0" r4="0.127904" r5="0.896767" r6="-0.423615" r7="0" r8="0.268727" r9="0.37981" r10="0.885172" r11="0" r12="0" r13="0" r14="0" r15="1" id="452" color_r="1" color_g="1" color_b="1" type_file="Data/Objects/plants/trees/joshua/joshua_branch.xml">
            <parameters />
        </EnvObject>
        <EnvObject t0="-140.589" t1="-43.4932" t2="23.5496" s0="1.51643" s1="1.20339" s2="1.07489" r0="-0.87662" r1="0.340862" r2="0.339633" r3="0" r4="0.340353" r5="0.938178" r6="-0.0630959" r7="0" r8="-0.340144" r9="0.060284" r10="-0.938439" r11="0" r12="0" r13="0" r14="0" r15="1" id="453" color_r="1" color_g="1" color_b="1" type_file="Data/Objects/plants/trees/joshua/joshua_leaf.xml">
            <parameters />
        </EnvObject>
        <EnvObject t0="-142.344" t1="-45.4227" t2="26.8614" s0="1.07489" s1="1.07489" s2="1.07489" r0="-0.569952" r1="0.73968" r2="-0.35781" r3="0" r4="0.233006" r5="0.563081" r6="0.792873" r7="0" r8="0.787949" r9="0.368527" r10="-0.493279" r11="0" r12="0" r13="0" r14="0" r15="1" id="454" color_r="1" color_g="1" color_b="1" type_file="Data/Objects/plants/trees/joshua/joshua_leaf.xml">
            <parameters />
        </EnvObject>
