<?xml version="2.0" ?>
<Type>saved</Type>
<Name></Name>
<Description></Description>
<Shader>post</Shader>
<Terrain>
    <Heightmap>Data/Textures/Terrain/lugaru_snow/lugaru_snow_hm.png</Heightmap>
    <DetailMap></DetailMap>
    <ColorMap>Data/Textures/Terrain/lugaru_snow/lugaru_snow_c.tga</ColorMap>
    <DetailMaps>
        <DetailMap colorpath="Data/Textures/Terrain/DetailTextures/frosty_dirt_c.tga" normalpath="Data/Textures/Terrain/DetailTextures/frosty_dirt_n.tga" materialpath="Data/Materials/dirt.xml" />
        <DetailMap colorpath="Data/Textures/Terrain/DetailTextures/snow.tga" normalpath="Data/Textures/Terrain/DetailTextures/snow_normal.tga" materialpath="Data/Materials/snow.xml" />
        <DetailMap colorpath="Data/Textures/Terrain/DetailTextures/dirty_snow_c.tga" normalpath="Data/Textures/Terrain/DetailTextures/dirty_snow_n.tga" materialpath="Data/Materials/snow.xml" />
        <DetailMap colorpath="Data/Textures/Terrain/DetailTextures/chipped_rock.tga" normalpath="Data/Textures/Terrain/DetailTextures/chipped_rock_normal.tga" materialpath="Data/Materials/dirtyrock.xml" />
    </DetailMaps>
    <DetailObjects>
        <DetailObject obj_path="Data/Objects/Plants/Groundcover/Grass/wild_grass_snow.xml" weight_path="Data/Textures/Terrain/lugaru_snow/lugaru_snow_w.tga" normal_conform="0" density="10" min_embed="0" max_embed="0" min_scale="1" max_scale="1" view_distance="30" jitter_degrees="0" overbright="0" />
    </DetailObjects>
</Terrain>
<OutOfDate NavMesh="true" />
<AmbientSounds>
    <Ambient path="Data/Sounds/ambient/amb_deadvolcano_loop" />
</AmbientSounds>
<Script>Data/Custom/timbles/therium-2/Scripts/levelscripts/atense.as</Script>
<LevelScriptParameters>
    <parameter name="Achievements" type="string" val="flawless, no_alert, no_injuries" />
    <parameter name="Extra AO" type="string" val="0" />
    <parameter name="HDR Black point" type="string" val="0.078" />
    <parameter name="HDR Bloom multiplier" type="string" val="0.372" />
    <parameter name="HDR White point" type="string" val="0.854" />
    <parameter name="Level Boundaries" type="string" val="1" />
    <parameter name="Objectives" type="string" val="destroy_all" />
    <parameter name="Sky Rotation" type="string" val="199" />
</LevelScriptParameters>
<Sky>
    <DomeTexture>Data/Textures/skies/winter_overcast.tga</DomeTexture>
    <SunAngularRad>0.109821</SunAngularRad>
    <SunColorAngle>322.925</SunColorAngle>
    <RayToSun r0="-0.834945" r1="0.399355" r2="0.37866" />
    <ExtraAO>0</ExtraAO>
</Sky>
<ActorObjects>
    <CameraObject t0="-63.1756" t1="17.3038" t2="83.4398" s0="1" s1="1" s2="1" q0="0.0310361" q1="-0.947813" q2="0.0974075" r0="-0.815674" r1="-6.70552e-008" r2="0.578512" r3="0" r4="-0.117666" r5="0.979097" r6="-0.165903" r7="0" r8="-0.56642" r9="-0.203393" r10="-0.798624" r11="0" r12="0" r13="0" r14="0" r15="1" id="3">
        <parameters />
    </CameraObject>
    <LightProbeObject t0="26.3642" t1="19.0656" t2="52.3172" s0="1" s1="1" s2="1" q0="0" q1="0" q2="0" r0="1" r1="0" r2="0" r3="0" r4="0" r5="1" r6="0" r7="0" r8="0" r9="0" r10="1" r11="0" r12="0" r13="0" r14="0" r15="1" id="1" negative_light_probe="0" gicoeff00="3.88135" gicoeff01="4.14648" gicoeff02="4.13647" gicoeff03="16.4102" gicoeff04="17.7383" gicoeff05="17.1074" gicoeff06="11.9395" gicoeff07="13.0879" gicoeff08="12.8779" gicoeff09="4.36023" gicoeff10="4.4657" gicoeff11="4.24646" gicoeff12="0.462402" gicoeff13="0.428955" gicoeff14="0.548828" gicoeff15="26.4219" gicoeff16="28.582" gicoeff17="27.5352">
        <parameters />
    </LightProbeObject>
    <EnvObject t0="5.2852" t1="17.0391" t2="43.2801" s0="1.01956" s1="1.01956" s2="1.01956" q0="-1.78814e-007" q1="0.0247885" q2="2.38419e-007" r0="0.998771" r1="4.67826e-007" r2="-0.0495618" r3="0" r4="-4.85556e-007" r5="1" r6="-3.45698e-007" r7="0" r8="0.0495618" r9="3.69338e-007" r10="0.998771" r11="0" r12="0" r13="0" r14="0" r15="1" id="2" color_r="1" color_g="1" color_b="1" type_file="Data/Objects/Buildings/stairs1.xml">
        <parameters />
    </EnvObject>
    <LightProbeObject t0="28.2335" t1="19.8015" t2="44.922" s0="1" s1="1" s2="1" q0="0" q1="0" q2="0" r0="1" r1="0" r2="0" r3="0" r4="0" r5="1" r6="0" r7="0" r8="0" r9="0" r10="1" r11="0" r12="0" r13="0" r14="0" r15="1" id="4" negative_light_probe="0" gicoeff00="0.544128" gicoeff01="0.535583" gicoeff02="0.675781" gicoeff03="55.4375" gicoeff04="58.75" gicoeff05="56.6094" gicoeff06="20.9258" gicoeff07="22.5508" gicoeff08="21.8164" gicoeff09="11.8779" gicoeff10="12.2358" gicoeff11="11.8496" gicoeff12="32.0508" gicoeff13="34.0352" gicoeff14="32.875" gicoeff15="8.85938" gicoeff16="9.32471" gicoeff17="9.07227">
        <parameters />
    </LightProbeObject>
    <LightProbeObject t0="20.9872" t1="20.1588" t2="44.631" s0="1" s1="1" s2="1" q0="0" q1="0" q2="0" r0="1" r1="0" r2="0" r3="0" r4="0" r5="1" r6="0" r7="0" r8="0" r9="0" r10="1" r11="0" r12="0" r13="0" r14="0" r15="1" id="5" negative_light_probe="0" gicoeff00="79.9375" gicoeff01="84.625" gicoeff02="83.8125" gicoeff03="1.41693" gicoeff04="1.45837" gicoeff05="1.51837" gicoeff06="27.0859" gicoeff07="29.5938" gicoeff08="29.1133" gicoeff09="23.833" gicoeff10="24.4268" gicoeff11="24.4082" gicoeff12="59.7578" gicoeff13="63.3594" gicoeff14="62.4766" gicoeff15="8.18848" gicoeff16="8.61523" gicoeff17="8.72314">
        <parameters />
    </LightProbeObject>
    <ActorObject t0="5.28505" t1="20.2883" t2="40.3948" s0="1" s1="1" s2="1" q0="0" q1="0" q2="0" r0="1" r1="0" r2="0" r3="0" r4="0" r5="1" r6="0" r7="0" r8="0" r9="0" r10="1" r11="0" r12="0" r13="0" r14="0" r15="1" id="6" type_file="Data/Custom/timbles/therium-2/Objects/IGF_Characters/ghost.xml" is_player="1" is_dead="0">
        <parameters>
            <parameter name="Aggression" type="float" val="0.5" />
            <parameter name="Attack Damage" type="float" val="1" />
            <parameter name="Attack Knockback" type="float" val="1" />
            <parameter name="Attack Speed" type="float" val="1" />
            <parameter name="Block Follow-up" type="float" val="0.5" />
            <parameter name="Block Skill" type="float" val="0.5" />
            <parameter name="Character Scale" type="float" val="1" />
            <parameter name="Damage Resistance" type="float" val="1" />
            <parameter name="Ear Size" type="float" val="1" />
            <parameter name="Fat" type="float" val="0.5" />
            <parameter name="Ground Aggression" type="float" val="0.5" />
            <parameter name="Left handed" type="int" val="0" />
            <parameter name="Lives" type="int" val="1" />
            <parameter name="Movement Speed" type="float" val="1" />
            <parameter name="Muscle" type="float" val="0.5" />
            <parameter name="Static" type="int" val="0" />
            <parameter name="Teams" type="string" val="player, Ghost" />
        </parameters>
        <Connections>
            <Connection id="-1" />
        </Connections>
        <ItemConnections />
        <Palette />
    </ActorObject>
    <LightProbeObject t0="23.5614" t1="23.3523" t2="44.7092" s0="1" s1="1" s2="1" q0="0" q1="0" q2="0" r0="1" r1="0" r2="0" r3="0" r4="0" r5="1" r6="0" r7="0" r8="0" r9="0" r10="1" r11="0" r12="0" r13="0" r14="0" r15="1" id="7" negative_light_probe="0" gicoeff00="34.5117" gicoeff01="37.3398" gicoeff02="35.0781" gicoeff03="17.2324" gicoeff04="18.7803" gicoeff05="17.7861" gicoeff06="2.29114" gicoeff07="2.60059" gicoeff08="2.78564" gicoeff09="74.4531" gicoeff10="81.1484" gicoeff11="76.3906" gicoeff12="59.5469" gicoeff13="64.5391" gicoeff14="60.5234" gicoeff15="3.77734" gicoeff16="4.08154" gicoeff17="4.04639">
        <parameters />
    </LightProbeObject>
    <EnvObject t0="5.19062" t1="18.6336" t2="41.3743" s0="1.01952" s1="1.01953" s2="1.01953" q0="-1.78814e-007" q1="0.0247885" q2="2.38419e-007" r0="0.998771" r1="4.67826e-007" r2="-0.0495618" r3="0" r4="-4.85556e-007" r5="1" r6="-3.45698e-007" r7="0" r8="0.0495618" r9="3.69338e-007" r10="0.998771" r11="0" r12="0" r13="0" r14="0" r15="1" id="8" color_r="1" color_g="1" color_b="1" type_file="Data/Objects/Buildings/stairs1.xml">
        <parameters />
    </EnvObject>
    <EnvObject t0="5.25563" t1="17.7762" t2="42.3253" s0="1.01952" s1="1.01953" s2="1.01953" q0="-1.78814e-007" q1="0.0247885" q2="2.98023e-007" r0="0.998771" r1="5.86998e-007" r2="-0.0495618" r3="0" r4="-6.04729e-007" r5="1" r6="-3.42743e-007" r7="0" r8="0.0495618" r9="3.72293e-007" r10="0.998771" r11="0" r12="0" r13="0" r14="0" r15="1" id="9" color_r="1" color_g="1" color_b="1" type_file="Data/Objects/Buildings/stairs1.xml">
        <parameters />
    </EnvObject>
    <EnvObject t0="4.89563" t1="16.4097" t2="37.9603" s0="1.01954" s1="0.362522" s2="1.01953" q0="3.72529e-008" q1="-0.999692" q2="2.38419e-007" r0="-0.998768" r1="-6.26497e-008" r2="0.0496168" r3="0" r4="-8.63161e-008" r5="1" r6="-4.74841e-007" r7="0" r8="-0.0496168" r9="-4.78539e-007" r10="-0.998768" r11="0" r12="0" r13="0" r14="0" r15="1" id="10" color_r="1" color_g="1" color_b="1" type_file="Data/Objects/Buildings/cat_town/babylon_tower.xml">
        <parameters />
    </EnvObject>
    <EnvObject t0="5.25596" t1="15.7356" t2="42.5461" s0="0.360094" s1="1.13851" s2="0.729975" q0="0.0108237" q1="-0.899361" q2="0.436502" r0="-0.998768" r1="2.58014e-005" r2="0.0496155" r3="0" r4="-0.0389635" r5="0.618698" r6="-0.784662" r7="0" r8="-0.0307173" r9="-0.785629" r10="-0.617935" r11="0" r12="0" r13="0" r14="0" r15="1" id="11" color_r="1" color_g="1" color_b="1" type_file="Data/Objects/Crete/CreteBlockStandard.xml">
        <parameters />
    </EnvObject>
    <EnvObject t0="5.00163" t1="20.7807" t2="37.9693" s0="1.01954" s1="1.01953" s2="1.01953" q0="3.72529e-008" q1="-0.999692" q2="2.38419e-007" r0="-0.998768" r1="-6.26497e-008" r2="0.0496168" r3="0" r4="-8.63161e-008" r5="1" r6="-4.74841e-007" r7="0" r8="-0.0496168" r9="-4.78539e-007" r10="-0.998768" r11="0" r12="0" r13="0" r14="0" r15="1" id="12" color_r="1" color_g="1" color_b="1" type_file="Data/Custom/twowolves/landmark_lantern/jims_lantern.xml">
        <parameters />
    </EnvObject>
    <EnvObject t0="5.35195" t1="16.2218" t2="44.2664" s0="1.01956" s1="1.01956" s2="1.01956" q0="-1.78814e-007" q1="0.0247885" q2="2.98023e-007" r0="0.998771" r1="5.86998e-007" r2="-0.0495618" r3="0" r4="-6.04729e-007" r5="1" r6="-3.42743e-007" r7="0" r8="0.0495618" r9="3.72293e-007" r10="0.998771" r11="0" r12="0" r13="0" r14="0" r15="1" id="28" color_r="1" color_g="1" color_b="1" type_file="Data/Objects/Buildings/stairs1.xml">
        <parameters />
    </EnvObject>
    <EnvObject t0="5.39609" t1="15.4831" t2="45.1559" s0="1.01956" s1="1.01956" s2="1.01956" q0="-1.78814e-007" q1="0.0247885" q2="2.98023e-007" r0="0.998771" r1="5.86998e-007" r2="-0.0495618" r3="0" r4="-6.04729e-007" r5="1" r6="-3.42743e-007" r7="0" r8="0.0495618" r9="3.72293e-007" r10="0.998771" r11="0" r12="0" r13="0" r14="0" r15="1" id="29" color_r="1" color_g="1" color_b="1" type_file="Data/Objects/Buildings/stairs1.xml">
        <parameters />
    </EnvObject>
    <EnvObject t0="8.61082" t1="6.4175" t2="118.185" s0="1" s1="1" s2="1" q0="-0.578699" q1="-0.273877" q2="-0.275387" r0="0.698307" r1="-0.0779865" r2="0.711538" r3="0" r4="0.711956" r5="0.17854" r6="-0.67915" r7="0" r8="-0.074074" r9="0.980838" r10="0.180198" r11="0" r12="0" r13="0" r14="0" r15="1" id="30" color_r="1" color_g="1" color_b="1" type_file="Data\Objects\Environment\Rocks\coast_rock_large.xml">
        <parameters />
    </EnvObject>
    <EnvObject t0="-50.6494" t1="7.15738" t2="114.308" s0="1" s1="1" s2="1" q0="-0.625501" q1="-0.218844" q2="-0.374796" r0="0.62327" r1="-0.212239" r2="0.752656" r3="0" r4="0.759789" r5="-0.0634474" r6="-0.64707" r7="0" r8="0.185086" r9="0.975158" r10="0.121711" r11="0" r12="0" r13="0" r14="0" r15="1" id="31" color_r="1" color_g="1" color_b="1" type_file="Data\Objects\Environment\Rocks\coast_rock_large.xml">
        <parameters />
    </EnvObject>
    <EnvObject t0="-24.9221" t1="-2.09163" t2="149.762" s0="-0.958823" s1="0.999996" s2="0.986463" q0="-0.616598" q1="-0.0528266" q2="-0.215302" r0="0.901709" r1="-0.260142" r2="0.345322" r3="0" r4="0.390433" r5="0.146905" r6="-0.908836" r7="0" r8="0.185696" r9="0.954331" r10="0.234033" r11="0" r12="0" r13="0" r14="0" r15="1" id="32" color_r="1" color_g="1" color_b="1" type_file="Data\Objects\Environment\Rocks\coast_rock_large.xml">
        <parameters />
    </EnvObject>
    <EnvObject t0="58.7329" t1="28.8279" t2="52.1423" s0="1" s1="1" s2="1" q0="-0.0789482" q1="-0.0958309" q2="0.0132781" r0="0.98128" r1="0.0414796" r2="0.188065" r3="0" r4="-0.011217" r5="0.987182" r6="-0.159205" r7="0" r8="-0.192258" r9="0.154115" r10="0.969167" r11="0" r12="0" r13="0" r14="0" r15="1" id="33" color_r="1" color_g="1" color_b="1" type_file="Data\Objects\Environment\Rocks\coast_rock_large.xml">
        <parameters />
    </EnvObject>
    <EnvObject t0="65.7661" t1="42.8595" t2="26.306" s0="1.41288" s1="1.41288" s2="1.41288" q0="0.119428" q1="0.874822" q2="-0.140514" r0="-0.570114" r1="0.0830634" r2="-0.817354" r3="0" r4="0.334848" r5="0.931986" r6="-0.138848" r7="0" r8="0.750229" r9="-0.352849" r10="-0.559152" r11="0" r12="0" r13="0" r14="0" r15="1" id="34" color_r="1" color_g="1" color_b="1" type_file="Data\Objects\Environment\Rocks\coast_rock_large.xml">
        <parameters />
    </EnvObject>
    <EnvObject t0="20.2469" t1="50.6922" t2="-20.3407" s0="2.11062" s1="2.11062" s2="2.11062" q0="-0.0405878" q1="0.244274" q2="-0.0368357" r0="0.877947" r1="-0.0911545" r2="-0.47" r3="0" r4="0.0514964" r5="0.993991" r6="-0.0965866" r7="0" r8="0.47598" r9="0.0605946" r10="0.877366" r11="0" r12="0" r13="0" r14="0" r15="1" id="35" color_r="1" color_g="1" color_b="1" type_file="Data\Objects\Environment\Rocks\coast_rock_large.xml">
        <parameters />
    </EnvObject>
    <EnvObject t0="20.5283" t1="11.2247" t2="146.839" s0="1" s1="1" s2="1" q0="0.291719" q1="0.546216" q2="-0.0550427" r0="0.397238" r1="0.232456" r2="-0.887787" r3="0" r4="0.40491" r5="0.823741" r6="0.396861" r7="0" r8="0.823559" r9="-0.517122" r10="0.233097" r11="0" r12="0" r13="0" r14="0" r15="1" id="36" color_r="1" color_g="1" color_b="1" type_file="Data\Objects\Environment\Rocks\coast_rock_large.xml">
        <parameters />
    </EnvObject>
    <EnvObject t0="41.2361" t1="24.8518" t2="129.059" s0="2.20165" s1="2.20165" s2="2.20165" q0="-0.00813583" q1="-0.96967" q2="0.0287847" r0="-0.882178" r1="0.0297441" r2="0.470003" r3="0" r4="0.0018122" r5="0.99821" r6="-0.0597707" r7="0" r8="-0.470939" r9="-0.0518759" r10="-0.880653" r11="0" r12="0" r13="0" r14="0" r15="1" id="52" color_r="1" color_g="1" color_b="1" type_file="Data/Objects/Environment/Statues/RobedStatue.xml">
        <parameters />
    </EnvObject>
    <EnvObject t0="38.9724" t1="11.0515" t2="123.699" s0="2.19998" s1="2.3032" s2="2.19998" q0="0.0754877" q1="-0.932312" q2="0.125754" r0="-0.770038" r1="-0.0576151" r2="0.635374" r3="0" r4="-0.223897" r5="0.956975" r6="-0.184576" r7="0" r8="-0.597403" r9="-0.284392" r10="-0.749807" r11="0" r12="0" r13="0" r14="0" r15="1" id="53" color_r="0.796078" color_g="0.780392" color_b="0.639216" type_file="Data/Objects/Crete/hex_crete_rubble.xml">
        <parameters />
    </EnvObject>
    <EnvObject t0="-21.2117" t1="58.8077" t2="-19.836" s0="1" s1="1" s2="1" q0="0" q1="0" q2="0" r0="1" r1="0" r2="0" r3="0" r4="0" r5="1" r6="0" r7="0" r8="0" r9="0" r10="1" r11="0" r12="0" r13="0" r14="0" r15="1" id="64" color_r="1" color_g="1" color_b="1" type_file="Data/Custom/twowolves/landmark_lantern/jims_lantern.xml">
        <parameters />
    </EnvObject>
    <EnvObject t0="-23.5293" t1="58.7004" t2="-19.4057" s0="1" s1="1" s2="1" q0="0.0383045" q1="-0.104947" q2="0.0102679" r0="0.977761" r1="0.0123662" r2="0.209356" r3="0" r4="-0.028446" r5="0.996855" r6="0.0739701" r7="0" r8="-0.207783" r9="-0.0782805" r10="0.975038" r11="0" r12="0" r13="0" r14="0" r15="1" id="65" color_r="1" color_g="1" color_b="1" type_file="Data/Custom/twowolves/landmark_lantern/jims_lantern.xml">
        <parameters />
    </EnvObject>
    <EnvObject t0="-33.8949" t1="57.8093" t2="-17.7261" s0="1" s1="1" s2="1" q0="-0.0346473" q1="-0.984447" q2="-0.0325809" r0="-0.940396" r1="0.0571957" r2="0.335266" r3="0" r4="0.079238" r5="0.995476" r6="0.0524283" r7="0" r8="-0.33075" r9="0.0758686" r10="-0.940673" r11="0" r12="0" r13="0" r14="0" r15="1" id="66" color_r="1" color_g="1" color_b="1" type_file="Data/Custom/twowolves/landmark_lantern/jims_lantern.xml">
        <parameters />
    </EnvObject>
    <EnvObject t0="-39.5498" t1="57.1649" t2="-15.3764" s0="1" s1="1" s2="1" q0="0.0228198" q1="-0.978328" q2="-0.0811213" r0="-0.927415" r1="-0.0753382" r2="0.366393" r3="0" r4="-0.0139629" r5="0.985797" r6="0.167359" r7="0" r8="-0.373797" r9="0.150094" r10="-0.915295" r11="0" r12="0" r13="0" r14="0" r15="1" id="67" color_r="1" color_g="1" color_b="1" type_file="Data/Custom/twowolves/landmark_lantern/jims_lantern.xml">
        <parameters />
    </EnvObject>
    <EnvObject t0="-36.3846" t1="56.55" t2="-14.1411" s0="1" s1="1" s2="1" q0="0.0126552" q1="-0.977251" q2="-0.110365" r0="-0.934399" r1="-0.064615" r2="0.350335" r3="0" r4="0.0151456" r5="0.975319" r6="0.220282" r7="0" r8="-0.355921" r9="0.211136" r10="-0.910358" r11="0" r12="0" r13="0" r14="0" r15="1" id="68" color_r="1" color_g="1" color_b="1" type_file="Data/Custom/twowolves/landmark_lantern/jims_lantern.xml">
        <parameters />
    </EnvObject>
    <EnvObject t0="-26.5941" t1="57.1407" t2="-15.7633" s0="1" s1="1" s2="1" q0="0.0133134" q1="-0.979864" q2="-0.169911" r0="-0.978006" r1="-0.0614451" r2="0.199363" r3="0" r4="0.00926384" r5="0.941906" r6="0.335749" r7="0" r8="-0.208411" r9="0.330209" r10="-0.920622" r11="0" r12="0" r13="0" r14="0" r15="1" id="69" color_r="1" color_g="1" color_b="1" type_file="Data/Custom/twowolves/landmark_lantern/jims_lantern.xml">
        <parameters />
    </EnvObject>
    <EnvObject t0="-28.4714" t1="57.6027" t2="-13.5607" s0="1.60479" s1="1.60479" s2="1.60479" q0="-0.00387604" q1="-0.964059" q2="-0.144269" r0="-0.900446" r1="-0.0568967" r2="0.431264" r3="0" r4="0.0718436" r5="0.958343" r6="0.276438" r7="0" r8="-0.429027" r9="0.279897" r10="-0.858849" r11="0" r12="0" r13="0" r14="0" r15="1" id="70" color_r="1" color_g="1" color_b="1" type_file="Data/Custom/twowolves/landmark_lantern/jims_lantern.xml">
        <parameters />
    </EnvObject>
    <EnvObject t0="-42.9405" t1="56.2445" t2="-12.6365" s0="1" s1="1" s2="1" q0="0.510392" q1="-0.492967" q2="0.129287" r0="0.480537" r1="-0.324106" r2="0.814906" r3="0" r4="-0.682321" r5="0.445569" r6="0.579604" r7="0" r8="-0.550957" r9="-0.83454" r10="-0.00703374" r11="0" r12="0" r13="0" r14="0" r15="1" id="71" color_r="1" color_g="1" color_b="1" type_file="Data/Custom/twowolves/landmark_lantern/jims_lantern.xml">
        <parameters />
    </EnvObject>
    <Decal t0="-43.4796" t1="55.6546" t2="-12.9042" s0="3.95051" s1="4.71712" s2="3.95051" q0="0.116503" q1="0.303519" q2="-0.0680202" r0="0.806499" r1="-0.0575949" r2="-0.588423" r3="0" r4="0.199038" r5="0.963601" r6="0.178486" r7="0" r8="0.556725" r9="-0.261068" r10="0.788606" r11="0" r12="0" r13="0" r14="0" r15="1" id="72" type_file="Data/Objects/Decals/WhiteRocksAndDirt.xml" i="0" color_r="1" color_g="1" color_b="1">
        <parameters />
    </Decal>
    <Decal t0="-43.4851" t1="57.0078" t2="-12.0439" s0="0.505023" s1="0.505023" s2="0.505023" q0="0.0442931" q1="0.346072" q2="-0.198371" r0="0.681766" r1="-0.332729" r2="-0.651527" r3="0" r4="0.394044" r5="0.917374" r6="-0.0561625" r7="0" r8="0.616381" r9="-0.21844" r10="0.756544" r11="0" r12="0" r13="0" r14="0" r15="1" id="73" type_file="Data/Objects/Decals/crete_impact.xml" i="0" color_r="1" color_g="1" color_b="1">
        <parameters />
    </Decal>
    <EnvObject t0="-88.4628" t1="4.15777" t2="105.898" s0="1.37062" s1="2.04167" s2="1.63807" q0="5.96047e-008" q1="-0.0160874" q2="5.96047e-008" r0="0.999482" r1="1.17276e-007" r2="0.0321707" r3="0" r4="-1.21112e-007" r5="1" r6="1.17276e-007" r7="0" r8="-0.0321707" r9="-1.21112e-007" r10="0.999482" r11="0" r12="0" r13="0" r14="0" r15="1" id="74" color_r="1" color_g="1" color_b="1" type_file="Data/Objects/Environment/Rocks/strata_rocks/strata_rock_capital.xml">
        <parameters />
    </EnvObject>
    <EnvObject t0="30.6735" t1="-21.0517" t2="160.811" s0="1.34722" s1="1.34722" s2="1.33687" q0="0.00513475" q1="0.319988" q2="0.0139904" r0="0.794824" r1="0.0297925" r2="-0.606107" r3="0" r4="-0.0232202" r5="0.999556" r6="0.0186819" r7="0" r8="0.606394" r9="-0.000774805" r10="0.795163" r11="0" r12="0" r13="0" r14="0" r15="1" id="75" color_r="1" color_g="1" color_b="1" type_file="Data/Objects/Environment/Land/jagged_outcrop.xml">
        <parameters />
    </EnvObject>
    <EnvObject t0="-75.2332" t1="-34.6719" t2="278.903" s0="1.60697" s1="2.04134" s2="1.44087" q0="0" q1="-0.276743" q2="0" r0="0.846826" r1="0" r2="0.53187" r3="0" r4="-0" r5="1" r6="0" r7="0" r8="-0.53187" r9="-0" r10="0.846826" r11="0" r12="0" r13="0" r14="0" r15="1" id="82" color_r="1" color_g="1" color_b="1" type_file="Data/Objects/Environment/Rocks/strata_rocks/strata_rock_capital.xml">
        <parameters />
    </EnvObject>
    <EnvObject t0="-79.4213" t1="-34.2948" t2="283.878" s0="1.15351" s1="1.4653" s2="1.03427" q0="5.96047e-008" q1="-0.809604" q2="0" r0="-0.310917" r1="-9.65123e-008" r2="0.950437" r3="0" r4="-9.65123e-008" r5="1" r6="6.99731e-008" r7="0" r8="-0.950437" r9="-6.99731e-008" r10="-0.310917" r11="0" r12="0" r13="0" r14="0" r15="1" id="83" color_r="1" color_g="1" color_b="1" type_file="Data/Objects/Environment/Rocks/strata_rocks/strata_rock_capital.xml">
        <parameters />
    </EnvObject>
    <EnvObject t0="-65.9247" t1="-37.4942" t2="272.865" s0="1.37062" s1="1.50247" s2="1.63807" q0="5.96047e-008" q1="-0.0160874" q2="5.96047e-008" r0="0.999482" r1="1.17276e-007" r2="0.0321707" r3="0" r4="-1.21112e-007" r5="1" r6="1.17276e-007" r7="0" r8="-0.0321707" r9="-1.21112e-007" r10="0.999482" r11="0" r12="0" r13="0" r14="0" r15="1" id="84" color_r="1" color_g="1" color_b="1" type_file="Data/Objects/Environment/Rocks/strata_rocks/strata_rock_capital.xml">
        <parameters />
    </EnvObject>
    <EnvObject t0="-78.6548" t1="-35.2025" t2="295.137" s0="0.628555" s1="0.628555" s2="0.628555" q0="0" q1="0" q2="0" r0="1" r1="0" r2="0" r3="0" r4="0" r5="1" r6="0" r7="0" r8="0" r9="0" r10="1" r11="0" r12="0" r13="0" r14="0" r15="1" id="85" color_r="1" color_g="1" color_b="1" type_file="Data/Objects/Environment/Rocks/strata_rocks/strata_rock_block.xml">
        <parameters />
    </EnvObject>
    <EnvObject t0="-80.9746" t1="-32.9431" t2="293.098" s0="0.628555" s1="0.628555" s2="0.628555" q0="2.98023e-008" q1="-0.885796" q2="0" r0="-0.569268" r1="-5.27975e-008" r2="0.822152" r3="0" r4="-5.27975e-008" r5="1" r6="2.7661e-008" r7="0" r8="-0.822152" r9="-2.7661e-008" r10="-0.569268" r11="0" r12="0" r13="0" r14="0" r15="1" id="86" color_r="1" color_g="1" color_b="1" type_file="Data/Objects/Environment/Rocks/strata_rocks/strata_rock_block.xml">
        <parameters />
    </EnvObject>
    <EnvObject t0="-57.4171" t1="-41.8968" t2="325.016" s0="0.628555" s1="0.628555" s2="0.628555" q0="0" q1="0" q2="0" r0="1" r1="0" r2="0" r3="0" r4="0" r5="1" r6="0" r7="0" r8="0" r9="0" r10="1" r11="0" r12="0" r13="0" r14="0" r15="1" id="87" color_r="1" color_g="1" color_b="1" type_file="Data/Objects/Environment/Rocks/strata_rocks/strata_rock_block.xml">
        <parameters />
    </EnvObject>
    <EnvObject t0="-60.3309" t1="-40.8863" t2="321.249" s0="0.628555" s1="0.628555" s2="0.628555" q0="0" q1="-0.461153" q2="-5.96046e-008" r0="0.574676" r1="-1.05777e-007" r2="0.818381" r3="0" r4="1.05777e-007" r5="1" r6="5.49737e-008" r7="0" r8="-0.818381" r9="5.49737e-008" r10="0.574676" r11="0" r12="0" r13="0" r14="0" r15="1" id="88" color_r="1" color_g="1" color_b="1" type_file="Data/Objects/Environment/Rocks/strata_rocks/strata_rock_block.xml">
        <parameters />
    </EnvObject>
    <EnvObject t0="-38.0548" t1="-43.0894" t2="341.735" s0="0.791315" s1="1.07398" s2="0.945724" q0="-5.96047e-008" q1="0.325241" q2="5.96047e-008" r0="0.788437" r1="7.39563e-008" r2="-0.615115" r3="0" r4="-1.515e-007" r5="1" r6="-7.39563e-008" r7="0" r8="0.615115" r9="1.515e-007" r10="0.788437" r11="0" r12="0" r13="0" r14="0" r15="1" id="89" color_r="1" color_g="1" color_b="1" type_file="Data/Objects/Environment/Rocks/strata_rocks/strata_rock_capital.xml">
        <parameters />
    </EnvObject>
    <EnvObject t0="-38.6247" t1="-44.3237" t2="335.529" s0="0.791315" s1="1.07398" s2="0.945724" q0="1.04308e-007" q1="-0.994855" q2="-0" r0="-0.979475" r1="-2.07543e-007" r2="0.201567" r3="0" r4="-2.07543e-007" r5="1" r6="2.11338e-008" r7="0" r8="-0.201567" r9="-2.11338e-008" r10="-0.979475" r11="0" r12="0" r13="0" r14="0" r15="1" id="90" color_r="1" color_g="1" color_b="1" type_file="Data/Objects/Environment/Rocks/strata_rocks/strata_rock_capital.xml">
        <parameters />
    </EnvObject>
    <Group t0="1.81908" t1="20.4655" t2="37.9363" s0="1.19034" s1="3.14388" s2="0.652235" q0="0" q1="0" q2="0" r0="1" r1="0" r2="0" r3="0" r4="0" r5="1" r6="0" r7="0" r8="0" r9="0" r10="1" r11="0" r12="0" r13="0" r14="0" r15="1" id="13" version="1">
        <parameters />
        <EnvObject t0="1.84063" t1="19.6782" t2="37.9383" s0="0.0909997" s1="0.265055" s2="0.142339" q0="0.25874" q1="-0.965629" q2="-0.00641566" r0="-0.864961" r1="-0.500001" r2="0.0429133" r3="0" r4="-0.499387" r5="0.866025" r6="0.0247785" r7="0" r8="-0.0495533" r9="2.09082e-006" r10="-0.998771" r11="0" r12="0" r13="0" r14="0" r15="1" id="14" color_r="1" color_g="1" color_b="1" type_file="Data/Objects/Crete/CreteBlockStandard.xml">
            <parameters />
        </EnvObject>
        <EnvObject t0="1.55262" t1="20.4617" t2="37.9443" s0="0.0909994" s1="0.0922002" s2="0.13659" q0="-0.193919" q1="-0.980704" q2="0.0048092" r0="-0.923607" r1="0.380588" r2="0.0458553" r3="0" r4="0.38012" r5="0.924745" r6="-0.0188688" r7="0" r8="-0.0495856" r9="3.17302e-006" r10="-0.99877" r11="0" r12="0" r13="0" r14="0" r15="1" id="15" color_r="1" color_g="1" color_b="1" type_file="Data/Objects/Crete/CreteBlockStandard.xml">
            <parameters />
        </EnvObject>
        <EnvObject t0="1.52163" t1="20.8349" t2="37.9363" s0="0.0909987" s1="0.0921996" s2="0.153863" q0="-0.9784" q1="-0.205229" q2="0.0242608" r0="0.914585" r1="0.401839" r2="-0.0453859" r3="0" r4="0.401345" r5="-0.91571" r6="-0.0199105" r7="0" r8="-0.0495612" r9="-5.56e-006" r10="-0.998771" r11="0" r12="0" r13="0" r14="0" r15="1" id="16" color_r="1" color_g="1" color_b="1" type_file="Data/Objects/Crete/CreteBlockStandard.xml">
            <parameters />
        </EnvObject>
        <EnvObject t0="1.75663" t1="21.4343" t2="37.9343" s0="0.0827634" s1="0.206877" s2="0.145578" q0="0.949934" q1="-0.311466" q2="-0.0235549" r0="0.804868" r1="-0.592107" r2="-0.0399491" r3="0" r4="-0.591381" r5="-0.805859" r6="0.0293188" r7="0" r8="-0.0495533" r9="2.73688e-005" r10="-0.998771" r11="0" r12="0" r13="0" r14="0" r15="1" id="17" color_r="1" color_g="1" color_b="1" type_file="Data/Objects/Crete/CreteBlockStandard.xml">
            <parameters />
        </EnvObject>
    </Group>
    <Group t0="4.66963" t1="20.3117" t2="35.4638" s0="0.652234" s1="3.14389" s2="1.19034" q0="0" q1="0" q2="0" r0="1" r1="0" r2="0" r3="0" r4="0" r5="1" r6="0" r7="0" r8="0" r9="0" r10="1" r11="0" r12="0" r13="0" r14="0" r15="1" id="18" version="1">
        <parameters />
        <EnvObject t0="4.66763" t1="19.5244" t2="35.4853" s0="0.0910001" s1="0.265055" s2="0.142339" q0="-0.187493" q1="0.699734" q2="-0.17842" r0="-0.0429227" r1="-0.5" r2="-0.864961" r3="0" r4="-0.0247808" r5="0.866025" r6="-0.499386" r7="0" r8="0.998771" r9="-5.21541e-007" r10="-0.0495625" r11="0" r12="0" r13="0" r14="0" r15="1" id="19" color_r="1" color_g="1" color_b="1" type_file="Data/Objects/Crete/CreteBlockStandard.xml">
            <parameters />
        </EnvObject>
        <EnvObject t0="4.66162" t1="20.3078" t2="35.1963" s0="0.0909994" s1="0.0922001" s2="0.13659" q0="0.140522" q1="0.710659" q2="0.133721" r0="-0.0458351" r1="0.380588" r2="-0.923608" r3="0" r4="0.0188645" r5="0.924745" r6="0.380121" r7="0" r8="0.998771" r9="-5.06639e-007" r10="-0.0495653" r11="0" r12="0" r13="0" r14="0" r15="1" id="20" color_r="1" color_g="1" color_b="1" type_file="Data/Objects/Crete/CreteBlockStandard.xml">
            <parameters />
        </EnvObject>
        <EnvObject t0="4.66963" t1="20.6811" t2="35.1663" s0="0.0909994" s1="0.0922004" s2="0.153863" q0="0.708988" q1="0.148718" q2="0.674678" r0="0.045385" r1="0.401843" r2="0.914583" r3="0" r4="0.0199144" r5="-0.915709" r6="0.401349" r7="0" r8="0.998771" r9="-1.84774e-006" r10="-0.049562" r11="0" r12="0" r13="0" r14="0" r15="1" id="21" color_r="1" color_g="1" color_b="1" type_file="Data/Objects/Crete/CreteBlockStandard.xml">
            <parameters />
        </EnvObject>
        <EnvObject t0="4.67163" t1="21.2805" t2="35.4023" s0="0.082764" s1="0.206879" s2="0.145579" q0="-0.688361" q1="0.225701" q2="-0.655049" r0="0.0399397" r1="-0.592106" r2="0.80487" r3="0" r4="-0.0293492" r5="-0.80586" r6="-0.591378" r7="0" r8="0.998771" r9="-2.80142e-006" r10="-0.0495636" r11="0" r12="0" r13="0" r14="0" r15="1" id="22" color_r="1" color_g="1" color_b="1" type_file="Data/Objects/Crete/CreteBlockStandard.xml">
            <parameters />
        </EnvObject>
    </Group>
    <Group t0="7.77118" t1="20.4647" t2="37.8823" s0="1.19034" s1="3.14398" s2="0.652235" q0="0" q1="0" q2="0" r0="1" r1="0" r2="0" r3="0" r4="0" r5="1" r6="0" r7="0" r8="0" r9="0" r10="1" r11="0" r12="0" r13="0" r14="0" r15="1" id="23" version="1">
        <parameters />
        <EnvObject t0="7.74963" t1="19.6774" t2="37.8803" s0="0.091" s1="0.265055" s2="0.142339" q0="-0.00641614" q1="0.0239437" q2="-0.258739" r0="0.864962" r1="-0.499999" r2="-0.0429213" r3="0" r4="0.499385" r5="0.866026" r6="-0.0247816" r7="0" r8="0.0495617" r9="8.93138e-007" r10="0.998771" r11="0" r12="0" r13="0" r14="0" r15="1" id="24" color_r="1" color_g="1" color_b="1" type_file="Data/Objects/Crete/CreteBlockStandard.xml">
            <parameters />
        </EnvObject>
        <EnvObject t0="8.03762" t1="20.4609" t2="37.8743" s0="0.0909994" s1="0.0922002" s2="0.13659" q0="0.0048086" q1="0.0243178" q2="0.193919" r0="0.923608" r1="0.380588" r2="-0.0458321" r3="0" r4="-0.38012" r5="0.924745" r6="0.018863" r7="0" r8="0.049562" r9="-2.91504e-007" r10="0.998771" r11="0" r12="0" r13="0" r14="0" r15="1" id="25" color_r="1" color_g="1" color_b="1" type_file="Data/Objects/Crete/CreteBlockStandard.xml">
            <parameters />
        </EnvObject>
        <EnvObject t0="8.06863" t1="20.8341" t2="37.8823" s0="0.0909993" s1="0.0922" s2="0.153863" q0="0.0242607" q1="0.00508898" q2="0.9784" r0="-0.914585" r1="0.401839" r2="0.0453846" r3="0" r4="-0.401345" r5="-0.91571" r6="0.0199161" r7="0" r8="0.0495622" r9="1.19209e-007" r10="0.998771" r11="0" r12="0" r13="0" r14="0" r15="1" id="26" color_r="1" color_g="1" color_b="1" type_file="Data/Objects/Crete/CreteBlockStandard.xml">
            <parameters />
        </EnvObject>
        <EnvObject t0="7.83263" t1="21.4336" t2="37.8843" s0="0.0827636" s1="0.206877" s2="0.145578" q0="-0.023555" q1="0.00772297" q2="-0.949934" r0="-0.804869" r1="-0.592108" r2="0.0399405" r3="0" r4="0.59138" r5="-0.805859" r6="-0.0293458" r7="0" r8="0.0495623" r9="5.27129e-007" r10="0.998771" r11="0" r12="0" r13="0" r14="0" r15="1" id="27" color_r="1" color_g="1" color_b="1" type_file="Data/Objects/Crete/CreteBlockStandard.xml">
            <parameters />
        </EnvObject>
    </Group>
    <Group t0="59.6777" t1="23.1868" t2="73.242" s0="21.1309" s1="20.3574" s2="9.62373" q0="0.224194" q1="-0.689213" q2="0.0795495" r0="0.0373157" r1="-0.200149" r2="0.979054" r3="0" r4="-0.417921" r5="0.886818" r6="0.197221" r7="0" r8="-0.907716" r9="-0.416527" r10="-0.0505542" r11="0" r12="0" r13="0" r14="0" r15="1" id="37" version="1">
        <parameters />
        <EnvObject t0="60.1976" t1="24.0572" t2="71.8462" s0="0.56845" s1="0.198264" s2="0.668217" q0="0.0618116" q1="-0.722118" q2="0.2329" r0="-0.151394" r1="0.212774" r2="0.965296" r3="0" r4="-0.391315" r5="0.883874" r6="-0.2562" r7="0" r8="-0.907712" r9="-0.416525" r10="-0.05055" r11="0" r12="0" r13="0" r14="0" r15="1" id="38" color_r="0.2" color_g="0.2" color_b="0.2" type_file="Data/Objects/Crete/sharp_coastal_crete.xml">
            <parameters />
        </EnvObject>
        <EnvObject t0="60.2972" t1="24.1836" t2="75.8614" s0="0.56845" s1="0.198264" s2="0.668216" q0="0.141355" q1="-0.844777" q2="0.135002" r0="-0.463749" r1="-0.104328" r2="0.879796" r3="0" r4="-0.373325" r5="0.923587" r6="-0.0872651" r7="0" r8="-0.803463" r9="-0.368921" r10="-0.46726" r11="0" r12="0" r13="0" r14="0" r15="1" id="39" color_r="0.2" color_g="0.2" color_b="0.2" type_file="Data/Objects/Crete/sharp_coastal_crete.xml">
            <parameters />
        </EnvObject>
        <EnvObject t0="58.5811" t1="22.6026" t2="79.132" s0="0.56845" s1="0.198264" s2="0.668216" q0="0.260611" q1="-0.895916" q2="-0.0717791" r0="-0.615634" r1="-0.517576" r2="0.594219" r3="0" r4="-0.416366" r5="0.853859" r6="0.31235" r7="0" r8="-0.669045" r9="-0.055118" r10="-0.741166" r11="0" r12="0" r13="0" r14="0" r15="1" id="40" color_r="0.2" color_g="0.2" color_b="0.2" type_file="Data/Objects/Crete/sharp_coastal_crete.xml">
            <parameters />
        </EnvObject>
        <EnvObject t0="60.3453" t1="21.4598" t2="69.0128" s0="-0.548427" s1="0.164588" s2="0.668217" q0="0.0449059" q1="-0.741481" q2="0.369115" r0="-0.372079" r1="0.345719" r2="0.861408" r3="0" r4="-0.478907" r5="0.723475" r6="-0.497222" r7="0" r8="-0.795106" r9="-0.597545" r10="-0.10362" r11="0" r12="0" r13="0" r14="0" r15="1" id="41" color_r="0.2" color_g="0.2" color_b="0.2" type_file="Data/Objects/Crete/sharp_coastal_crete.xml">
            <parameters />
        </EnvObject>
    </Group>
    <Group t0="60.321" t1="19.2619" t2="88.88" s0="28.6953" s1="27.6449" s2="13.0688" q0="0.231587" q1="-0.438636" q2="-0.0267825" r0="0.613763" r1="-0.249654" r2="0.748978" r3="0" r4="-0.156676" r5="0.8913" r6="0.425485" r7="0" r8="-0.773788" r9="-0.378494" r10="0.507932" r11="0" r12="0" r13="0" r14="0" r15="1" id="42" version="1">
        <parameters />
        <EnvObject t0="59.7961" t1="20.5085" t2="86.9671" s0="0.771942" s1="0.269238" s2="0.907423" q0="0.125919" q1="-0.479768" q2="0.171022" r0="0.481147" r1="0.170358" r2="0.859926" r3="0" r4="-0.412007" r5="0.909792" r6="0.050289" r7="0" r8="-0.773786" r9="-0.378493" r10="0.507933" r11="0" r12="0" r13="0" r14="0" r15="1" id="43" color_r="0.2" color_g="0.2" color_b="0.2" type_file="Data/Objects/Crete/sharp_coastal_crete.xml">
            <parameters />
        </EnvObject>
        <EnvObject t0="63.2348" t1="20.4047" t2="91.203" s0="0.771942" s1="0.269238" s2="0.907422" q0="0.163815" q1="-0.644658" q2="0.0545612" r0="0.162877" r1="-0.129944" r2="0.97805" r3="0" r4="-0.292475" r5="0.940375" r6="0.173645" r7="0" r8="-0.942298" r9="-0.314338" r10="0.11516" r11="0" r12="0" r13="0" r14="0" r15="1" id="44" color_r="0.2" color_g="0.2" color_b="0.2" type_file="Data/Objects/Crete/sharp_coastal_crete.xml">
            <parameters />
        </EnvObject>
        <EnvObject t0="63.9674" t1="18.1311" t2="96.1082" s0="0.771942" s1="0.269238" s2="0.907422" q0="0.206127" q1="-0.739531" q2="-0.176602" r0="-0.156188" r1="-0.522437" r2="0.838248" r3="0" r4="-0.0873128" r5="0.852647" r6="0.51514" r7="0" r8="-0.983858" r9="0.00727013" r10="-0.178788" r11="0" r12="0" r13="0" r14="0" r15="1" id="45" color_r="0.2" color_g="0.2" color_b="0.2" type_file="Data/Objects/Crete/sharp_coastal_crete.xml">
            <parameters />
        </EnvObject>
        <EnvObject t0="57.3976" t1="17.171" t2="83.7431" s0="-0.744751" s1="0.223507" s2="0.907423" q0="0.151781" q1="-0.528991" q2="0.307356" r0="0.251402" r1="0.316627" r2="0.914626" r3="0" r4="-0.637791" r5="0.764989" r6="-0.0895177" r7="0" r8="-0.728022" r9="-0.560837" r10="0.394262" r11="0" r12="0" r13="0" r14="0" r15="1" id="46" color_r="0.2" color_g="0.2" color_b="0.2" type_file="Data/Objects/Crete/sharp_coastal_crete.xml">
            <parameters />
        </EnvObject>
    </Group>
    <Group t0="59.9256" t1="18.2916" t2="107.187" s0="19.9099" s1="19.1811" s2="9.06765" q0="0.272511" q1="-0.498415" q2="0.063377" r0="0.495131" r1="-0.167639" r2="0.852491" r3="0" r4="-0.375655" r5="0.843443" r6="0.384041" r7="0" r8="-0.783408" r9="-0.510393" r10="0.35464" r11="0" r12="0" r13="0" r14="0" r15="1" id="47" version="1">
        <parameters />
        <EnvObject t0="59.6808" t1="19.1213" t2="105.81" s0="0.535604" s1="0.186808" s2="0.629606" q0="0.152197" q1="-0.547279" q2="0.248072" r0="0.277892" r1="0.222743" r2="0.934426" r3="0" r4="-0.555919" r5="0.830593" r6="-0.0326675" r7="0" r8="-0.783403" r9="-0.51039" r10="0.354644" r11="0" r12="0" r13="0" r14="0" r15="1" id="48" color_r="0.2" color_g="0.2" color_b="0.2" type_file="Data/Objects/Crete/sharp_coastal_crete.xml">
            <parameters />
        </EnvObject>
        <EnvObject t0="61.4549" t1="19.3555" t2="109.147" s0="0.535604" s1="0.186808" s2="0.629605" q0="0.213619" q1="-0.697101" q2="0.126584" r0="-0.0039455" r1="-0.127547" r2="0.991818" r3="0" r4="-0.468108" r5="0.876687" r6="0.110875" r7="0" r8="-0.883655" r9="-0.463843" r10="-0.0631641" r11="0" r12="0" r13="0" r14="0" r15="1" id="49" color_r="0.2" color_g="0.2" color_b="0.2" type_file="Data/Objects/Crete/sharp_coastal_crete.xml">
            <parameters />
        </EnvObject>
        <EnvObject t0="61.5667" t1="17.7918" t2="112.593" s0="0.535604" s1="0.186808" s2="0.629605" q0="0.284481" q1="-0.774385" q2="-0.109715" r0="-0.223418" r1="-0.562246" r2="0.796208" r3="0" r4="-0.318944" r5="0.814067" r6="0.485353" r7="0" r8="-0.921055" r9="-0.145507" r10="-0.361202" r11="0" r12="0" r13="0" r14="0" r15="1" id="50" color_r="0.2" color_g="0.2" color_b="0.2" type_file="Data/Objects/Crete/sharp_coastal_crete.xml">
            <parameters />
        </EnvObject>
        <EnvObject t0="58.8613" t1="16.628" t2="103.311" s0="-0.516738" s1="0.155078" s2="0.629606" q0="0.168547" q1="-0.587651" q2="0.379445" r0="0.021376" r1="0.328924" r2="0.944107" r3="0" r4="-0.725112" r5="0.655227" r6="-0.211864" r7="0" r8="-0.68829" r9="-0.68006" r10="0.252517" r11="0" r12="0" r13="0" r14="0" r15="1" id="51" color_r="0.2" color_g="0.2" color_b="0.2" type_file="Data/Objects/Crete/sharp_coastal_crete.xml">
            <parameters />
        </EnvObject>
    </Group>
    <Group t0="-52.2543" t1="63.4253" t2="-23.3749" s0="32.9717" s1="35.8834" s2="14.8629" q0="0.135624" q1="0.446967" q2="-0.143566" r0="0.559218" r1="-0.129277" r2="-0.818878" r3="0" r4="0.371754" r5="0.92199" r6="0.108318" r7="0" r8="0.740995" r9="-0.364995" r10="0.563653" r11="0" r12="0" r13="0" r14="0" r15="1" id="54" version="1">
        <parameters />
        <EnvObject t0="-54.2729" t1="64.6168" t2="-22.0426" s0="0.886983" s1="0.349474" s2="1.03199" q0="0.233588" q1="0.404486" q2="0.0583295" r0="0.665977" r1="0.291892" r2="-0.686491" r3="0" r4="0.0860402" r5="0.884069" r6="0.459367" r7="0" r8="0.740991" r9="-0.364993" r10="0.563655" r11="0" r12="0" r13="0" r14="0" r15="1" id="55" color_r="0.2" color_g="0.2" color_b="0.2" type_file="Data/Objects/Crete/sharp_coastal_crete.xml">
            <parameters />
        </EnvObject>
        <EnvObject t0="-50.6926" t1="65.4247" t2="-27.1746" s0="0.886983" s1="0.349474" s2="1.03199" q0="0.174181" q1="0.222094" q2="-0.0464884" r0="0.897026" r1="-0.0117224" r2="-0.441821" r3="0" r4="0.16646" r5="0.935" r6="0.313154" r7="0" r8="0.409431" r9="-0.354454" r10="0.840671" r11="0" r12="0" r13="0" r14="0" r15="1" id="56" color_r="0.2" color_g="0.2" color_b="0.2" type_file="Data/Objects/Crete/sharp_coastal_crete.xml">
            <parameters />
        </EnvObject>
